29 105
IIIIIIIIiIiiiiiiiiiiiiiiJJJJiJJJJJJJJJJJJJJJEBBBBBBdklMmmmmmmmMMmMMMMMMMMMMllllllllLLLLLkkkkKKKKKjjjJJJJi
IIIIIIIIiiiiiiiiiiiiiiiiJJJiJJJJJJJJJJJJJJJjKdBBBBBBFlmmmmmmmmmmmmmmMMMMMMMlllllllllLLLLkkkkkkKKKjjjJJJJi
IIIIIIIIIiiiiiiiiiiiiiiiJJJiJJJJJJJIgGeEddfGIjBBBBBBBHmmmmmmmmmmmmmmMMMMMMMMlllllllLLLLLLkkkKKKKKjjjJJJJi
IIIIIIIIiiiiiiiiiiiiiiiiJJJiJJJJHFCBBBBBBBBBBBBBBBBBBBbdgkmmmmmmmmmmMmMMMMMMlllllllLLLLLLkkkKKKKKjjjjJJJi
IIIIIIIIiiiiiiiiiiiiiiiiJJiijjjKKKKJGDBBBBBBBBBBBBBBBBBBBBfMmmmlMMMmmmmMMMMMMMlllllLLLLLLkkkKKKKKjjjJJJJi
IIIIIIIIiiiiiiiiiiiiiiiJjjjjjjKLllMMMMKGCBBBBbBBBBBBBBBBBBBdeFfgHhiLmMMMMMMMMllllllLLLLLLkkkKKKKKjjjJJJJi
IIIIIiIiiiiiiiiiiiJJjjjJJjKLllllllMMMMkjIDBBCcbBBBBbBBBBBBBBBBDfIkmmmmMmmMMMMMllllllLLLLLkkkKKKKKjjjJJJJi
IIIIIIIiiiiiiiJJJJJiJjKLLLLlllllMMMkgcCCbBBCCBbbDGdCfNCBbBBBBBBBbBcfilmmmmMMMMMlllllLLLLLkkkKKKKKjjjJJJJi
IIIIIiIIiiiiiiiiJjKkkLLLLLlllllMMMMMMmLJgEbbCbmdqgcJSTMbjeBcBBDGJlmmmmmmmmMMMMMMllllLLLLkkkkKKKKjjjjJJJJi
IIIiiiiiiIiiJjjKKKkkkkLLLLlllllMMMMMMmMifDBfQkqKMdLtSUodIMLoCeIkmmmmmmmmMMMMMMMllllllLLLkkkkKKKKjjjjJJJii
IiIIiiiiiJJjjjKKKKkkkLLLLlllllMMMMMMMmmMlJifLRSvxUmqqOTwpmNJJMmmmmmmmmmmmmMMMMMlllllLLLLkkkkKKKKjjjJJJJJi
IIIiiiJJJJjjjjKKKKkkkLLLLlllllMMMMMMmmmmmmMLKkmtVSsUStsrmmmmmmmmmmmmmmmmmmMMMMMlllllLLLLkkkkKKKKjjjJJJiii
iiiiiJJJJJjjjKKKKkkkkLLLLlllllMMMMMmMmmmmmmmkMoSTstTRTRpOlMlLmmmmmmmmmmmmmMMMMMMllllLLLLkkkkKKKjjjjJJJJii
iiiiiJJJJjjjjjKKKkkkkLLLLllllMMMMMMmmMMlNjNNKUrrTQqRRqqqomqqJjJlLMlmmmmmmmmmMMMMlllllLLLkkkKKKjjjjjJJJiii
iiiiiJJJJjjjjKKKKkkkLLLLlllllMMMMMMmOPpNQjPNfsTtrRrsrRqOnRqRHIjNmMmiJkMmmmmmMMMMllllLLLkkkkKKKKjjjJJJJiii
iiiiiJJJJjjjjKKKKkkkLLLLLllllMMMLlNpQQopQkpPdIQssRqqrrRrRpmHcKkOmJjIIIIiLmMmMMMMllllLLLkkkkKKKjjjjJJJJiii
iiiiiJJJJjjjjKKKKkkkLLLLllllMMMLhHjoQPNNpOMPfFfGHijkMLJHfFEcEONNLjhHIHeCImmMMMMMllllLLLkkkKKKKjjjjJJJiiii
iiiiiJJJJjjjjKKKkkkkLLLLllllMMMkihggLOMMnpmmLeGGGfGGGGGFEcDDloOiJhGIeCEGJmMMMMMlllllLLkkkkKKKjjjjjJJJiiii
iiiiiJJJJjjjjKKKkkkkLLLLlllMMMMMMpPmJgJjNNomNJGGghIIIhgGGFdMplIIIfeglnnLmmmMMMMllllLLLLkkKKKKjjjjJJJJiiii
iiiiiJJJJjjjjKKKkkkkLLLLllllMMMMoTuUtphkOnMNNNkHHggggggfdGNniIIIgFpVUrPMmMMMMMMlllLLLLkkkKKKKjjjJJJJJiiiI
iiiiJJJJjjjjjKKKkkkkLLlLMllMMMMNsuUUsRnkNOnKMMmmJggHgfEejNKIigJHgJXxtSRoMMMMMMMllllLLkkkkKKKjjjjJJJJiiiII
iiiiJJJJjjjjjKKKkkkklprOQsmMMMnQSUUTRqMJmNMnjjMLmMhDCeJMKhmfGgIHGLTVtrRQkNnMMMMQPnMlLLkkKKKKjjjjJJJJiiiII
iiiiiJJJjjjjjKKKkkkkQSTtplmfeiPSqSTRQNLmlNoONLJKKjlMkLjHhhjJfKhGMmnRRqQSRsoJHIOqQsrROkkkKKKKjjjjJJJiiiiII
iiiiJJJJJjjjKKKKkkkLmqrTtpMjdcemsrPONlmmLMNNnNljIJIHHggHHhhHIHFkmmNqRquvVkHHgNTssrRSokkkKKKjjjJJJJiiiiIII
iiiiJJJJJjjjKKKKkkkkLLoRqTnlDDcePoONMMmmMlIFfHhgFGgHgFeeGggGeehmmmmMqssSPfHGIvrSRSsnLkkKKKjjjjJJJJiiiiIII
iiiiiJJJJjjjjKKKKkkkLLLlMkIECCDKmMMMmmmmmmkGGgfEdEFgFedDDDdDcfmmmmmmMmOooeEEDiMOpNLLkkkKKKjjjjJJJJiiiiIII
iiiiJJJJJjjjjKKKKkkkkLLLllllKKMmMmmmmmmmmmmLmlImmgfFGGHlLHjhHIlmmmmmmmMMMMKJkkLlLLLkkkkKKjjjjjJJiiiiiIIII
iiiiJJJJJjjjjjKKKkkkkLLLllllMMMMMMmmmmmmmNpONkMNiggiLHfKNLmjIIILmmmmMMMMMMMllllLLLkkkkKKKjjjJJJJiiiiIIiiI
iiiiJJJJJjjjjjKKKkkkLLLLllllMMMMMMmmmmmmlNoNNnNkHHJHMJHHNNnlIIIImmmmMMMMMMllllLLLkkkkkKKjjJJiiiIIIIIIIiiI
185 53 9
185 53 9
185 53 9
185 53 9
185 53 9
185 53 9
185 52 9
186 53 9
187 53 9
189 53 7
190 53 7
190 53 9
190 54 8
190 54 8
190 54 7
190 54 6
192 54 7
193 56 9
193 56 9
194 56 9
194 56 9
194 56 9
195 57 10
195 57 10
196 58 12
196 58 12
196 59 10
197 60 9
196 59 8
198 60 9
198 60 9
198 60 9
199 61 10
199 61 10
199 62 9
200 63 9
200 63 9
200 63 9
200 63 9
200 63 9
200 63 9
200 63 9
198 63 10
192 63 12
80 28 17
12 10 16
13 10 18
13 10 18
13 10 18
13 10 18
13 10 14
63 28 15
202 86 23
229 97 12
246 106 6
252 114 2
254 111 2
254 113 1
253 113 1
254 113 1
254 113 1
254 113 1
254 112 1
254 111 0
255 111 1
253 110 1
254 108 2
255 107 4
255 105 3
254 104 2
254 103 2
254 102 1
253 101 0
254 99 1
254 96 2
253 95 1
253 95 1
251 93 0
250 92 2
249 91 1
249 91 1
249 91 1
249 91 1
247 88 1
245 87 0
244 86 0
240 85 0
239 84 0
237 82 0
238 81 0
237 79 1
233 76 0
231 76 0
231 76 0
228 74 1
226 72 1
223 71 1
220 70 1
218 68 1
215 65 1
212 63 0
210 62 1
208 62 2
205 62 2
202 59 2
184 52 8
185 53 9
185 53 9
185 52 9
185 52 9
185 52 9
186 52 9
187 53 9
187 53 9
189 53 7
190 53 9
190 53 9
190 54 8
190 54 8
190 54 8
190 54 8
192 55 7
193 55 8
194 55 9
194 56 9
194 56 9
194 56 9
195 57 10
195 57 10
196 58 12
196 58 12
196 59 10
196 59 8
197 60 9
198 60 9
198 60 9
198 61 8
199 61 8
199 62 9
200 61 10
199 63 9
198 63 9
200 62 9
198 63 9
199 63 9
200 62 10
198 63 7
198 65 5
208 71 7
202 80 20
67 27 12
11 10 13
13 9 17
12 10 18
13 10 18
12 9 19
14 10 15
95 44 18
212 98 27
250 114 6
252 114 2
254 113 1
254 113 0
254 114 0
255 114 1
255 114 0
255 114 0
254 113 0
254 113 1
254 112 1
254 112 1
254 110 2
254 109 3
254 108 2
254 106 3
255 106 4
254 105 3
253 103 1
254 101 1
253 98 0
252 98 1
251 97 1
251 96 2
249 94 3
248 92 1
249 91 1
249 91 1
249 91 2
247 88 1
246 87 0
245 86 0
241 84 0
239 84 0
239 82 1
238 81 1
237 80 1
235 78 1
232 77 0
231 76 1
228 74 1
226 73 2
223 71 1
220 70 0
218 69 1
215 68 0
211 64 0
210 63 1
207 62 1
205 60 1
204 57 1
184 52 8
185 53 9
185 52 9
186 51 9
185 52 9
185 51 8
185 52 9
186 54 9
187 53 8
190 54 8
191 53 9
190 53 9
189 54 8
189 54 9
190 54 8
190 55 7
193 55 8
194 56 9
194 56 9
194 56 9
194 56 9
194 56 9
195 57 10
195 57 10
196 58 12
196 58 12
196 59 10
196 59 8
198 60 9
197 60 9
198 60 9
198 61 10
198 60 9
200 61 9
194 63 12
171 55 13
141 48 15
116 43 18
86 37 20
65 30 24
52 29 23
64 30 22
100 42 22
122 46 13
162 63 11
178 82 26
17 11 13
14 9 15
13 9 18
13 10 18
12 10 17
12 11 14
17 7 15
124 61 25
242 118 15
250 117 3
253 116 2
254 115 1
255 115 1
255 115 1
255 114 0
255 114 0
255 114 0
255 114 0
255 114 0
254 113 0
254 112 1
255 111 2
254 110 2
254 108 2
254 107 3
254 107 3
254 104 2
253 102 1
253 100 0
253 98 1
252 97 2
251 96 2
250 94 2
249 93 1
249 92 1
249 91 1
248 90 1
247 88 1
245 87 0
243 86 1
242 85 0
242 84 0
240 82 1
238 81 2
237 80 1
234 78 0
231 76 0
230 76 1
227 74 1
226 73 1
223 72 0
220 70 0
217 68 0
216 67 3
212 64 0
210 63 2
207 61 1
204 59 0
203 57 1
185 53 9
185 53 9
185 52 9
186 52 9
186 52 9
185 51 8
187 53 9
187 53 9
189 53 9
190 54 8
190 54 9
190 54 9
189 53 8
190 55 8
190 55 7
191 55 7
194 56 9
194 56 9
194 56 9
194 56 9
195 57 10
195 57 10
195 57 10
195 57 11
196 58 11
196 58 11
196 59 10
196 59 8
198 61 9
198 61 9
198 60 9
198 60 10
154 49 15
92 38 16
34 13 13
16 12 14
9 13 17
11 12 17
11 11 16
11 12 16
11 11 16
12 10 15
14 9 15
12 10 17
10 9 17
12 8 16
14 7 16
12 10 13
12 10 17
13 10 16
13 10 15
13 10 14
13 10 14
12 10 13
23 12 13
61 29 18
117 59 16
208 100 13
252 119 3
254 116 2
255 116 2
255 115 1
254 114 0
254 114 0
255 113 0
255 113 0
254 114 0
254 113 1
253 111 1
254 111 2
254 110 2
254 108 1
253 106 2
253 103 1
253 102 1
253 100 1
251 99 1
250 99 0
250 97 1
251 93 0
250 92 1
248 91 1
248 91 1
247 89 1
245 87 0
243 85 0
242 84 0
240 84 0
240 82 2
238 81 2
237 80 1
234 78 0
232 76 0
231 76 0
227 74 1
226 73 2
223 72 0
220 70 1
217 68 1
214 67 2
212 65 1
209 63 2
206 61 1
204 60 1
202 59 1
185 53 9
185 53 9
185 52 9
186 52 9
186 52 9
186 52 9
186 53 10
186 53 8
189 54 9
190 54 9
190 54 10
190 54 9
190 55 9
189 55 7
190 55 7
193 57 9
194 56 9
194 56 9
194 56 9
194 56 9
195 57 10
195 57 10
195 57 10
196 57 10
197 57 10
197 58 9
197 58 6
197 59 6
208 64 8
213 70 7
213 70 8
214 71 11
215 74 9
213 71 13
208 75 11
179 72 15
120 52 15
49 24 16
14 9 14
14 9 13
13 9 17
13 10 18
13 10 18
12 10 17
12 10 17
12 10 17
12 9 18
12 9 17
13 10 18
13 10 17
13 10 17
13 10 17
13 10 17
12 10 18
13 9 17
12 10 18
12 10 16
14 10 13
104 52 16
235 115 16
252 118 2
252 117 8
245 114 10
233 110 8
234 109 13
237 108 12
239 108 12
249 112 6
255 114 2
253 113 2
254 112 2
254 111 0
255 107 1
255 106 1
254 103 2
254 102 2
252 101 0
251 100 0
251 98 2
250 95 1
249 93 0
247 92 0
247 91 1
244 88 2
243 88 2
243 86 1
242 85 0
241 83 1
240 82 1
238 81 2
237 80 2
234 78 1
231 76 0
229 77 0
225 75 1
224 74 2
222 72 1
220 70 0
217 68 1
214 66 2
212 64 1
208 61 1
205 60 0
204 60 1
202 59 1
185 52 9
185 52 9
186 51 9
186 52 9
186 52 9
186 52 9
186 53 10
186 54 8
189 54 8
190 54 9
190 54 9
190 54 8
191 56 9
191 56 8
192 56 8
193 57 9
193 55 8
194 56 9
194 55 9
194 56 8
194 57 10
195 57 8
197 57 6
202 61 9
208 68 11
210 68 8
211 68 6
213 68 11
209 64 7
211 68 7
221 76 7
235 83 7
246 95 4
251 99 1
252 99 0
253 100 0
252 102 0
250 104 6
204 89 13
117 56 16
31 17 13
13 9 18
12 10 14
12 10 18
14 9 16
15 12 19
12 11 17
11 9 14
13 10 17
13 10 18
13 10 18
13 10 18
13 10 18
13 10 18
13 10 18
13 9 17
13 9 17
13 9 18
13 9 16
55 32 17
82 41 15
83 44 27
95 50 26
111 60 27
123 64 18
139 69 16
164 75 12
215 98 15
252 115 7
253 113 0
254 113 0
254 111 1
254 110 1
254 108 1
252 105 1
254 104 2
253 103 1
250 101 0
249 98 0
249 95 0
249 93 1
248 92 0
248 91 1
245 88 2
243 87 2
243 86 2
242 85 1
241 84 1
240 82 1
238 81 2
237 80 1
234 78 0
232 76 0
229 76 0
227 74 1
226 73 1
223 72 1
220 70 0
217 68 0
214 66 2
212 64 1
209 61 1
207 60 2
204 58 2
202 58 2
186 51 9
185 52 9
185 52 9
186 52 9
186 52 9
187 53 10
186 52 9
187 53 9
190 54 9
190 54 9
190 54 8
190 55 7
191 56 8
192 56 8
192 57 8
192 56 9
193 55 8
195 55 6
199 59 6
203 64 9
208 64 8
209 64 6
209 65 9
204 63 7
207 60 7
213 67 7
223 75 8
234 84 4
245 91 3
249 93 3
250 93 1
251 95 2
252 98 1
252 99 0
253 100 1
252 102 2
252 103 4
243 105 11
211 91 12
186 82 11
149 73 20
48 25 18
10 9 17
10 10 15
16 20 25
23 24 30
15 13 20
10 8 13
11 10 14
12 10 18
11 9 15
16 14 20
14 11 17
13 9 14
12 10 18
13 10 17
13 10 17
13 10 16
13 10 16
13 10 17
13 10 17
15 10 17
43 29 21
96 53 22
150 74 20
196 96 23
231 115 20
243 116 11
247 117 8
249 116 7
252 113 1
254 112 1
255 111 1
254 110 2
252 106 1
253 104 2
253 103 1
251 102 0
250 99 0
251 96 0
250 95 2
248 92 1
248 91 1
247 91 2
243 88 1
242 87 0
243 86 0
242 84 2
240 82 2
238 81 2
236 80 1
233 78 1
230 75 0
229 75 2
226 73 2
224 72 0
223 71 1
220 70 0
216 67 0
214 67 2
211 65 1
208 62 1
205 60 2
204 59 1
203 58 2
186 52 9
186 52 9
186 52 9
186 52 9
187 53 9
187 53 8
186 53 8
187 54 9
189 54 9
189 54 9
189 54 8
190 54 6
191 55 7
194 57 7
199 60 9
203 60 9
204 62 6
203 62 8
199 59 6
198 57 5
204 61 8
213 68 5
225 74 5
237 81 4
242 85 4
244 87 1
247 88 0
249 91 2
250 92 1
249 93 0
250 95 0
252 97 1
252 100 2
253 101 2
252 102 4
212 91 14
124 60 20
44 24 17
20 18 24
16 16 25
14 15 20
12 10 13
10 9 14
15 20 25
18 18 26
13 10 19
15 12 19
15 14 21
38 29 27
81 56 52
34 34 38
21 20 20
75 50 44
161 119 102
32 20 19
12 11 17
16 13 17
14 11 14
12 9 16
12 10 16
13 9 18
13 10 13
14 9 14
14 9 16
17 10 15
17 9 12
47 25 11
102 51 14
168 77 14
227 106 9
251 113 4
253 113 1
254 112 1
254 110 3
252 106 1
254 105 2
253 103 1
253 103 0
252 100 0
251 97 1
249 96 0
247 93 0
248 92 0
248 92 0
244 88 1
243 86 2
243 86 2
242 84 1
240 82 2
238 81 2
236 80 2
232 78 2
228 76 0
227 75 0
225 75 1
223 72 1
222 72 1
220 70 0
216 68 0
214 66 2
211 64 1
209 62 1
205 60 0
204 60 1
201 58 0
186 52 9
186 52 9
186 52 9
186 52 9
186 53 9
186 54 9
186 54 6
188 52 6
192 54 7
194 56 8
194 57 5
197 59 6
198 58 7
195 57 6
192 55 5
196 56 6
204 61 5
215 66 4
224 72 4
231 77 2
239 77 2
241 80 2
242 82 2
242 85 2
245 85 0
246 87 0
248 89 1
248 90 1
250 92 0
249 94 0
250 96 0
252 99 1
252 100 0
251 102 0
251 104 0
251 106 0
252 108 2
250 111 8
221 103 11
176 82 12
123 61 17
64 35 20
15 15 15
18 13 19
26 19 23
23 12 16
151 114 104
41 31 32
207 151 130
82 62 55
29 25 28
120 81 72
233 169 139
237 173 147
150 112 96
19 16 19
134 80 72
68 38 35
14 8 14
32 22 23
13 9 16
18 9 12
48 26 17
111 54 16
170 81 15
224 107 13
251 119 5
254 116 1
254 116 0
253 116 0
253 114 1
254 114 2
252 112 2
253 112 2
254 107 1
254 105 2
254 104 2
252 104 0
252 101 1
253 98 4
251 96 2
249 93 1
248 92 1
248 91 1
246 90 0
243 88 0
241 86 1
240 84 1
238 82 0
236 81 2
235 80 2
233 79 3
228 76 0
228 76 0
225 75 1
222 73 0
220 71 1
217 69 0
215 68 0
213 67 1
210 64 3
208 62 2
205 60 0
204 60 1
201 57 0
184 53 8
185 52 8
186 51 8
188 52 10
190 55 7
190 54 7
192 55 6
194 56 5
191 55 6
188 53 3
189 53 7
193 58 7
201 60 5
210 64 4
219 68 4
226 71 3
229 73 2
231 74 0
233 76 0
234 78 0
238 79 1
240 80 2
241 82 1
243 85 1
245 86 1
247 88 1
248 90 1
249 91 1
248 93 0
249 96 0
250 98 0
253 100 2
252 101 0
252 104 1
252 106 1
252 108 0
253 109 1
253 112 2
235 107 11
166 75 12
102 49 14
45 26 18
9 11 13
71 55 47
199 146 126
140 92 81
192 159 138
115 95 89
133 113 109
41 28 34
149 99 86
246 180 148
228 167 139
251 182 156
174 138 119
43 33 33
117 70 61
174 99 83
161 90 73
206 125 107
29 14 15
74 37 22
151 72 17
204 97 18
251 115 4
253 117 3
255 118 4
254 118 2
253 117 1
253 115 0
254 114 0
254 114 0
253 112 1
254 112 0
253 108 0
254 107 2
251 106 1
251 105 0
252 102 1
251 99 1
251 98 0
249 95 0
247 93 0
248 91 1
246 90 1
243 87 1
242 85 1
240 84 1
238 82 2
236 80 1
233 78 0
231 77 1
229 75 0
227 75 1
225 74 2
221 73 1
219 71 1
218 69 0
215 67 1
213 66 0
210 64 0
208 62 1
204 60 0
203 60 0
200 57 0
190 53 5
189 53 7
187 53 7
185 55 7
187 52 11
187 53 10
189 54 8
193 55 4
199 58 3
205 60 3
211 63 3
214 66 0
218 67 0
221 69 0
224 71 1
227 71 1
230 73 1
233 74 0
233 76 1
234 78 0
237 80 0
241 82 0
243 83 0
245 86 0
245 87 1
247 90 2
247 91 2
248 93 2
249 95 2
250 97 2
252 100 1
253 101 2
252 102 0
254 104 2
253 107 1
253 108 1
253 111 2
253 112 3
251 114 5
239 112 10
216 105 17
171 79 20
157 77 16
94 48 25
144 99 86
220 153 127
204 170 156
227 209 202
238 231 230
198 199 192
143 119 108
206 151 130
208 155 134
157 132 123
192 186 185
231 220 215
218 136 115
192 96 81
201 105 87
141 74 49
162 80 23
237 114 9
251 119 7
254 119 2
254 119 0
254 118 0
255 118 1
254 118 2
252 117 0
253 115 0
255 114 0
254 114 0
253 114 1
254 112 1
252 109 2
252 108 3
252 107 1
252 106 1
251 104 2
251 99 1
251 98 1
248 96 0
246 93 0
246 92 1
244 88 0
243 86 1
242 85 1
240 84 0
239 82 1
236 80 1
233 78 0
232 77 1
229 76 0
228 75 1
225 73 2
222 72 1
221 71 0
217 69 3
214 67 2
212 65 0
209 62 4
207 61 2
204 61 0
203 60 1
200 57 0
192 54 2
186 53 8
189 52 6
191 55 4
197 56 3
200 59 2
203 60 2
205 60 2
208 62 1
210 62 1
213 64 2
214 66 2
219 68 0
222 70 0
224 71 1
227 71 0
230 73 0
233 74 0
235 76 1
236 79 2
238 82 0
241 83 0
244 84 1
244 87 1
244 88 1
247 91 1
248 92 1
249 93 2
251 95 3
251 97 2
252 101 2
254 102 3
253 103 1
253 105 2
253 107 1
253 110 2
254 112 2
254 114 2
253 114 0
253 114 0
254 116 1
253 117 3
246 114 4
219 106 10
197 91 11
188 94 27
197 119 63
209 197 181
232 201 187
229 167 143
238 171 145
250 184 154
232 166 137
233 186 162
223 173 153
240 154 129
198 101 76
226 112 42
240 117 13
249 120 6
252 118 4
254 119 1
255 119 1
255 119 1
255 120 1
255 120 1
255 119 1
254 119 2
253 116 1
254 116 1
254 115 0
254 114 0
254 115 1
254 113 1
252 110 3
252 108 4
252 107 1
253 106 2
252 104 2
250 100 1
250 98 0
248 95 0
246 94 0
245 92 0
244 90 0
242 87 0
241 86 0
239 84 0
238 82 1
236 80 1
233 78 1
230 77 1
228 77 0
227 75 1
225 73 2
222 72 1
219 70 1
216 68 1
215 66 3
211 64 1
209 62 1
206 61 1
203 60 0
201 59 0
200 56 1
195 54 0
195 55 0
197 57 1
200 59 2
201 58 1
203 61 2
205 62 1
207 62 1
208 63 0
213 63 1
216 64 3
215 66 1
221 67 0
224 69 0
226 71 1
228 72 0
231 74 1
234 75 1
233 76 1
236 80 2
238 82 0
241 83 0
244 84 0
244 87 1
244 88 0
246 91 0
248 92 0
250 96 0
250 97 1
250 100 1
251 102 0
252 104 0
252 105 0
252 107 1
253 109 3
254 112 1
253 113 0
254 114 0
255 114 0
255 115 0
254 116 0
253 118 1
251 119 7
233 118 20
203 91 16
223 109 22
227 136 66
211 172 149
228 177 160
234 172 150
249 181 149
238 175 145
221 157 128
245 177 149
233 152 127
230 127 109
219 113 90
208 93 42
229 108 20
231 109 11
224 102 11
242 116 9
251 120 5
251 119 6
254 119 3
255 118 2
255 118 3
254 118 2
253 117 1
253 117 1
253 116 0
252 115 0
253 116 1
255 112 1
253 109 3
253 108 4
252 106 1
254 105 1
252 102 0
250 101 1
250 98 0
249 95 0
248 95 1
247 93 0
244 90 2
242 87 1
241 86 1
239 84 1
237 82 1
236 80 1
234 78 1
231 77 0
228 75 1
226 74 1
222 72 0
221 71 0
218 70 0
216 67 0
213 67 1
210 64 1
208 63 0
206 62 1
203 60 0
200 58 0
197 56 0
197 55 1
196 56 1
198 57 0
201 58 1
201 58 0
204 60 1
205 61 1
207 62 1
209 64 1
214 63 3
216 65 2
216 66 0
221 67 2
223 69 1
225 71 1
229 73 2
232 74 1
233 74 0
235 76 0
238 80 2
239 81 2
242 83 1
244 84 1
245 86 2
245 89 0
247 92 0
247 94 1
249 96 1
251 98 1
253 101 1
252 102 0
253 104 1
251 106 2
253 107 2
252 111 3
254 112 2
250 115 6
239 108 9
234 112 16
224 97 16
234 122 28
193 78 17
229 127 29
194 135 54
100 94 102
242 190 163
228 159 135
219 161 136
244 172 147
233 136 110
240 141 118
238 151 124
240 146 122
242 137 109
244 135 112
244 136 114
224 112 93
202 94 73
243 135 115
235 141 111
132 72 65
166 89 31
186 66 14
220 98 23
216 93 16
230 106 18
230 101 10
247 115 10
251 119 3
253 117 2
254 116 0
254 115 0
253 115 1
253 113 1
254 111 2
254 110 2
252 107 0
252 107 0
252 103 0
252 100 1
251 98 1
249 96 0
247 94 0
245 92 1
245 90 2
243 88 2
241 86 1
238 82 3
237 81 0
235 79 0
232 77 0
230 76 0
228 74 2
225 72 2
222 71 0
220 70 1
218 69 1
216 67 1
213 66 1
210 64 1
208 62 1
205 61 1
202 59 1
200 58 1
197 55 1
196 55 0
197 56 1
198 57 0
201 58 0
201 58 0
204 60 0
205 60 0
207 62 1
210 64 1
214 64 3
216 66 2
217 67 0
221 68 0
223 71 0
226 72 0
229 72 1
233 74 1
234 75 1
237 78 3
239 80 3
239 83 2
241 84 2
244 86 2
245 88 1
247 90 1
248 92 1
250 94 1
251 96 1
250 99 1
251 102 1
251 103 1
252 105 1
250 107 4
241 106 8
234 112 17
231 125 22
235 143 32
247 163 41
250 168 43
233 129 24
251 174 52
185 77 17
248 165 38
205 141 48
41 56 73
226 173 150
244 177 148
250 183 154
230 161 135
224 151 127
232 161 132
249 168 138
251 148 123
248 139 115
228 143 119
214 112 92
218 101 82
246 138 117
241 139 117
228 151 127
75 64 73
134 78 25
200 82 8
243 127 14
249 125 5
242 117 5
242 118 14
193 56 6
199 59 14
215 81 17
234 109 10
251 117 4
253 115 2
253 113 3
254 111 2
255 111 2
252 108 0
252 107 0
251 103 0
251 101 1
249 99 1
248 97 0
245 93 0
246 92 2
243 88 0
242 87 1
240 85 1
238 83 0
237 81 0
235 79 1
231 77 0
228 76 0
227 73 5
224 72 2
222 71 1
219 70 1
217 68 1
215 67 2
212 65 1
209 64 1
207 61 3
205 61 1
203 60 0
199 57 1
198 56 0
196 55 0
197 56 1
200 58 2
201 58 0
202 60 0
204 60 0
205 60 0
207 62 0
211 62 0
213 64 1
217 66 1
218 67 0
220 69 1
223 71 2
226 73 1
228 74 1
232 74 0
234 75 1
238 79 2
240 80 1
242 83 1
242 85 1
243 88 1
244 88 0
246 90 0
248 92 1
249 95 2
250 97 1
250 101 0
250 103 0
250 104 1
251 104 1
205 97 20
207 114 28
247 135 6
253 174 43
254 178 49
253 177 48
249 156 25
251 171 41
249 178 48
194 94 29
245 166 51
233 159 47
28 30 46
60 81 103
180 155 142
216 173 156
229 177 151
220 159 135
211 149 124
223 149 122
238 154 132
214 160 147
207 162 141
222 156 136
211 159 139
182 146 133
138 122 120
54 67 89
14 27 45
163 103 30
207 95 18
247 147 25
247 124 6
203 58 7
210 63 8
196 45 3
197 44 2
197 43 3
189 43 6
179 57 18
220 97 13
253 112 2
254 109 2
254 110 4
252 108 2
252 107 1
251 103 0
251 102 1
249 99 1
246 97 0
245 94 0
245 92 1
243 88 0
242 87 0
240 85 1
238 82 1
236 80 2
234 78 1
231 77 1
228 76 0
226 73 2
223 73 1
220 71 0
217 70 1
214 68 0
213 67 2
211 64 2
208 62 0
205 60 2
204 60 1
202 59 1
199 56 3
198 55 1
196 55 0
197 56 1
200 58 2
201 58 0
203 60 0
205 61 0
205 61 0
208 62 0
211 63 0
213 64 1
216 67 1
217 67 0
221 68 1
223 71 0
226 72 0
229 73 1
232 76 0
234 78 0
237 80 2
239 81 2
240 84 1
242 85 0
243 87 1
244 88 1
247 90 1
249 93 2
250 95 1
251 98 1
253 101 1
251 103 2
249 105 2
209 100 24
38 84 108
25 72 111
143 100 48
238 158 36
250 178 50
249 164 32
253 132 2
248 137 2
250 170 43
234 146 41
213 115 31
248 165 37
81 55 37
12 47 87
13 59 99
11 61 104
18 73 116
37 88 129
55 99 136
69 107 139
76 123 153
67 118 149
56 92 125
34 73 109
15 55 94
14 50 88
14 40 65
12 25 41
56 40 32
236 147 37
228 128 39
238 136 21
219 95 16
208 63 8
186 38 9
177 35 4
194 43 4
163 41 10
82 26 24
24 19 25
145 75 25
251 109 7
253 109 5
253 109 3
252 107 1
253 105 2
252 102 0
251 102 0
250 100 1
246 97 0
245 94 0
245 92 2
243 88 2
242 87 1
239 84 0
237 81 2
236 80 2
234 78 0
231 76 0
228 74 0
227 73 2
222 72 1
219 71 0
217 70 0
215 67 0
214 65 2
210 63 2
208 62 1
205 60 0
203 59 0
201 58 1
199 57 0
197 54 0
197 56 1
197 56 0
199 58 0
201 58 0
203 60 0
205 61 0
206 61 0
209 62 1
213 63 1
214 64 1
215 67 1
217 67 0
222 68 1
223 71 2
227 72 2
232 73 1
234 75 1
235 78 0
237 80 1
239 81 2
240 84 1
242 86 1
244 87 2
245 89 1
248 92 1
249 93 2
251 96 2
251 99 1
252 101 1
252 103 1
251 105 3
189 94 34
78 88 90
26 78 124
9 69 118
44 73 88
172 110 40
247 144 22
240 115 11
237 112 7
249 145 14
252 169 43
231 122 24
238 121 16
182 118 35
15 49 81
7 68 114
6 66 114
6 67 115
5 62 107
4 63 109
4 64 109
6 63 108
9 65 107
12 63 105
11 52 93
12 44 69
8 28 51
14 27 49
21 29 38
195 124 32
245 163 31
229 141 47
184 57 15
203 57 10
183 38 11
154 24 10
180 44 11
89 26 18
21 21 29
45 37 47
90 53 35
166 78 19
248 113 8
252 109 1
252 109 2
252 107 1
252 105 1
250 102 1
251 100 1
250 98 2
247 96 1
245 93 0
245 92 0
242 87 3
240 86 1
238 83 1
236 82 0
234 79 0
232 77 0
230 75 0
227 73 1
225 72 1
221 71 0
219 70 1
217 68 1
214 67 1
212 66 4
209 63 3
206 62 1
203 61 0
201 59 0
200 58 1
198 57 1
196 56 1
197 56 0
198 57 0
200 59 2
201 58 0
202 60 0
205 60 0
206 61 1
208 61 0
213 62 0
213 64 1
214 67 1
216 67 0
223 68 0
224 71 0
228 72 0
230 73 1
234 75 1
236 78 0
237 80 1
239 82 1
239 84 0
240 86 3
243 88 1
245 90 0
248 92 1
249 94 1
251 96 1
252 100 1
253 102 1
254 103 3
252 104 1
252 107 0
229 108 18
213 137 114
174 138 131
136 120 123
72 86 114
95 62 40
194 64 13
202 74 13
250 132 5
246 134 7
251 153 26
238 128 10
240 127 17
144 93 33
12 61 103
11 63 112
6 69 122
4 86 138
4 89 142
2 90 145
4 92 149
4 84 135
6 72 121
9 66 114
9 64 104
12 52 94
29 36 45
177 126 50
249 168 49
204 102 34
185 43 9
198 42 4
188 46 9
137 19 8
108 17 12
97 49 45
161 101 88
203 112 94
207 106 92
219 99 19
253 113 3
254 111 4
254 109 4
253 108 3
251 106 0
251 105 1
251 102 2
249 100 2
249 98 1
248 95 1
246 91 1
243 89 1
242 87 1
240 85 1
238 83 2
235 81 1
232 79 1
229 77 0
227 75 0
226 73 1
223 70 0
220 69 0
218 69 0
215 68 0
212 67 0
210 64 2
208 61 3
206 62 1
203 61 0
200 59 0
197 58 1
196 56 0
195 56 0
197 56 0
197 56 0
199 58 0
201 58 0
202 60 0
204 60 0
206 61 1
208 62 0
212 63 1
213 65 1
215 67 1
217 68 1
221 69 0
224 71 1
229 72 1
232 74 0
234 75 1
234 78 0
236 80 0
239 81 1
241 84 0
242 86 3
244 88 1
246 91 0
249 93 2
249 95 1
249 98 1
251 100 1
252 102 1
253 104 2
252 106 2
249 109 4
211 141 87
208 185 178
245 194 170
252 185 152
251 183 152
217 133 115
119 54 48
209 90 17
248 146 19
237 138 32
236 114 14
246 135 14
247 133 7
248 130 7
185 108 27
40 73 99
4 75 128
3 72 123
5 73 122
4 74 122
5 73 122
8 68 117
11 66 113
13 56 94
14 37 60
86 59 30
215 139 39
227 135 39
186 58 15
191 37 8
195 39 4
195 43 2
164 32 6
105 24 20
173 144 140
245 197 176
253 182 154
250 149 121
228 122 100
207 97 50
249 110 8
254 110 2
253 109 2
253 109 1
252 107 3
251 105 2
250 102 2
250 99 2
249 96 0
247 94 0
245 92 0
243 89 0
242 87 2
239 84 1
237 82 2
236 80 3
232 78 1
229 75 0
228 75 1
225 73 1
222 72 1
219 69 0
218 68 1
213 68 0
212 66 0
208 64 1
206 61 1
205 62 1
203 60 0
200 58 0
197 56 1
195 54 0
193 54 1
197 56 0
199 57 1
200 58 1
201 59 0
204 61 0
205 60 0
206 61 1
208 62 0
213 65 3
214 65 2
216 67 1
217 68 1
222 68 1
225 70 2
229 72 1
232 75 0
233 76 1
235 79 1
236 80 0
239 81 1
241 83 1
241 87 2
243 89 6
236 89 10
231 98 27
233 95 19
247 99 5
251 100 1
252 102 1
250 105 2
251 107 2
212 122 60
201 181 168
244 195 174
253 183 152
252 185 152
252 163 136
253 139 117
216 105 86
209 94 15
252 131 2
250 145 18
232 140 36
206 75 20
235 107 13
232 107 13
243 117 9
234 129 17
125 91 50
21 68 105
8 71 124
8 73 125
9 69 114
9 56 98
10 40 71
51 42 38
166 88 30
230 129 29
171 92 42
126 63 49
125 73 65
106 55 42
152 63 49
171 32 9
161 25 10
153 67 53
249 222 210
246 231 221
251 183 152
250 156 129
254 140 118
218 114 95
213 103 50
250 109 6
252 108 2
252 107 0
251 106 1
249 103 1
249 101 2
249 98 2
247 95 2
247 93 2
246 91 0
243 89 0
242 86 3
238 83 1
237 81 2
236 80 2
232 78 0
228 75 0
228 73 1
226 70 1
222 69 0
220 68 0
217 67 0
212 67 0
210 65 1
208 63 0
207 62 2
204 61 1
201 59 0
199 58 0
197 56 0
194 54 0
193 53 1
197 56 0
199 58 2
200 58 2
202 59 1
204 61 0
205 61 0
206 61 1
209 62 1
214 64 2
215 64 2
216 67 1
217 68 1
223 68 0
226 70 1
229 72 1
230 75 0
233 76 1
235 79 1
235 80 1
236 82 4
227 90 22
225 137 94
225 161 130
190 122 106
209 147 123
235 172 145
213 104 51
243 103 9
243 105 10
232 109 19
226 123 53
200 149 128
210 168 153
253 183 153
253 185 152
251 169 139
252 141 116
249 136 113
195 91 76
177 67 32
245 126 9
245 129 12
232 117 17
234 133 34
194 74 17
205 70 14
231 106 17
215 99 16
241 121 11
226 122 14
115 78 31
26 31 42
5 23 32
62 45 33
162 85 23
231 111 23
207 83 12
137 54 35
126 120 120
56 54 56
61 60 60
63 67 67
103 70 63
169 35 12
146 28 8
174 82 67
238 175 149
248 203 177
251 178 148
250 145 121
254 139 115
241 126 111
173 83 62
222 118 50
234 121 42
239 108 8
251 104 2
250 102 3
228 107 25
229 142 98
216 132 99
207 121 81
217 101 40
222 96 23
240 84 6
237 83 2
237 81 2
234 78 0
230 77 0
228 74 1
226 73 2
223 71 1
221 69 0
219 69 1
215 68 1
212 66 3
209 64 1
207 62 0
206 61 1
204 61 1
201 58 1
198 56 1
196 55 0
194 54 0
193 53 0
197 56 0
199 58 0
201 59 1
201 59 0
203 60 0
205 61 0
206 61 1
209 62 1
214 64 2
214 65 2
215 68 1
217 68 1
222 69 1
224 71 1
229 72 1
231 74 0
232 76 0
235 79 1
235 80 4
221 81 11
224 138 114
229 165 138
233 175 150
241 178 154
213 135 114
182 92 77
184 98 84
62 57 55
22 47 73
68 86 101
176 136 132
234 162 134
218 153 127
233 165 136
250 168 139
251 140 119
244 129 107
211 100 80
204 88 34
235 115 19
220 109 18
251 132 5
250 155 32
239 141 34
229 122 31
206 96 24
192 63 14
210 71 15
195 77 22
194 71 17
228 104 10
227 119 14
201 97 18
220 98 13
203 71 16
170 37 10
181 36 7
167 44 14
120 84 77
96 87 86
67 57 51
123 93 86
141 50 37
137 30 11
237 111 15
225 111 32
202 111 90
236 148 125
246 145 121
249 134 112
228 134 114
221 161 147
206 155 141
227 170 146
167 138 131
71 92 111
53 76 89
113 73 52
192 131 97
196 150 138
198 152 128
228 176 149
227 161 132
234 151 129
220 122 82
230 82 8
235 79 1
233 77 1
230 76 0
228 74 1
225 72 0
223 71 1
219 70 0
216 69 1
213 67 2
212 65 2
209 62 2
205 61 0
204 60 0
203 60 0
200 57 2
198 57 2
195 55 1
194 54 0
193 53 1
197 56 0
199 58 1
201 59 2
201 58 0
203 60 2
205 61 1
206 61 1
208 62 0
212 63 1
214 65 1
216 67 1
217 68 1
224 68 2
225 70 2
229 72 1
232 73 0
232 76 0
235 79 1
235 80 4
238 82 8
206 104 64
239 142 116
233 154 132
235 179 156
241 177 154
206 135 114
188 92 80
133 75 80
15 33 55
11 28 45
15 44 77
150 113 112
250 160 134
249 146 123
233 121 100
225 107 88
213 94 79
205 89 51
246 118 11
253 119 7
219 99 19
231 108 19
250 129 7
248 129 6
249 139 14
239 132 19
217 104 19
192 67 21
182 46 11
194 58 18
173 46 20
169 32 10
171 31 7
162 24 8
166 26 12
170 31 14
163 32 13
175 38 12
176 35 11
171 32 10
182 42 11
168 35 10
131 18 10
210 91 17
250 115 2
251 115 3
227 110 45
234 142 112
237 149 122
229 141 115
241 193 168
250 204 185
242 203 182
90 104 125
5 79 133
5 79 132
11 69 115
109 129 146
213 185 169
213 180 163
228 171 144
232 157 133
240 148 124
242 160 133
216 122 89
229 80 10
234 78 1
232 76 0
229 75 0
227 72 1
225 71 1
222 70 1
218 68 0
214 67 0
212 65 0
210 63 1
208 62 2
205 61 1
203 59 1
202 59 1
199 57 2
196 55 0
193 54 1
192 53 2
190 51 1
197 56 0
199 58 1
201 59 2
202 59 0
204 61 2
206 61 2
207 61 1
207 62 0
211 62 0
213 64 1
216 67 1
217 68 1
224 68 2
226 69 2
229 71 2
231 74 1
232 76 1
235 79 1
234 80 3
238 81 1
235 86 5
218 90 26
223 120 83
241 141 118
220 152 126
247 168 146
207 109 87
179 87 78
19 27 45
15 28 46
12 24 44
57 41 45
226 118 101
227 114 94
224 107 86
213 97 75
217 96 42
245 114 6
253 117 1
254 117 3
239 112 12
221 102 21
173 53 20
114 21 15
117 28 17
134 47 26
149 52 24
146 34 18
128 19 13
135 25 18
140 31 20
130 43 32
135 37 24
125 20 11
119 16 7
116 17 9
145 28 13
152 30 12
158 33 12
144 25 8
118 14 7
115 20 8
159 47 15
245 115 10
253 114 2
254 114 1
253 113 1
232 107 25
235 143 111
240 170 145
236 170 144
233 168 142
182 137 123
11 60 102
6 74 128
6 67 115
53 83 107
220 208 204
206 163 149
230 166 139
229 150 123
247 156 131
244 163 136
219 111 73
224 81 20
234 79 2
233 76 1
231 75 1
227 73 1
225 71 0
223 69 0
221 68 0
218 67 2
215 66 1
212 65 1
210 64 3
206 61 1
205 60 2
201 58 2
199 57 2
197 56 2
194 54 1
192 53 0
192 52 0
189 51 1
197 56 0
199 58 1
200 59 1
201 58 0
203 60 0
205 61 0
206 61 1
206 61 0
211 62 3
213 64 1
215 66 0
218 68 0
222 69 1
225 69 1
229 71 2
231 74 2
231 75 0
233 77 0
235 79 0
237 81 1
240 83 0
244 84 0
242 87 2
235 90 17
225 98 41
184 81 51
131 64 51
54 30 33
5 21 34
10 24 38
35 27 33
157 77 62
215 93 66
214 96 55
219 101 42
231 104 21
253 116 1
254 117 2
255 118 2
255 118 2
253 119 3
251 119 1
199 103 18
23 63 96
10 69 110
11 67 114
10 54 96
18 42 68
27 35 52
26 36 57
15 58 87
11 70 117
14 54 89
13 49 81
22 35 55
23 29 48
21 28 49
16 32 52
17 32 53
18 25 46
13 23 39
93 50 28
249 115 7
252 114 4
254 113 0
254 113 0
254 112 0
252 112 3
242 109 11
231 111 38
230 119 69
227 123 87
216 120 97
57 38 47
10 40 68
10 41 65
16 28 46
104 76 76
182 98 83
216 112 87
231 132 96
222 109 54
226 82 13
236 82 6
237 80 2
234 78 1
232 76 1
229 74 1
225 73 0
222 71 0
221 69 0
219 68 2
217 67 2
213 66 1
211 64 1
208 61 1
206 61 1
204 60 1
201 58 1
199 57 1
196 56 1
194 54 1
192 53 0
192 52 0
189 51 1
197 56 0
197 56 0
199 57 0
201 58 0
203 60 0
205 61 0
207 61 1
209 63 2
212 63 1
213 64 1
215 66 0
219 67 0
221 69 1
223 70 0
227 72 1
230 74 2
231 75 0
232 76 0
236 78 0
238 80 1
239 83 0
241 86 1
243 87 2
245 89 1
246 92 2
247 94 4
244 100 6
239 100 10
197 84 14
198 86 13
241 107 12
249 109 10
250 111 4
253 113 1
254 114 0
252 114 0
255 115 1
254 117 1
254 119 1
254 119 1
253 120 1
247 117 10
216 117 35
199 100 29
221 124 34
222 105 15
165 58 21
232 123 16
230 123 20
57 65 70
21 56 96
89 33 32
107 46 33
16 62 102
65 68 77
221 103 22
217 100 13
153 41 15
195 76 19
176 42 11
158 35 13
174 48 15
225 100 16
249 114 8
254 112 1
254 113 1
254 112 1
254 112 2
254 112 3
253 110 3
252 109 3
249 107 1
248 107 5
245 103 13
194 84 16
178 75 14
210 88 13
217 87 9
233 92 9
242 92 7
245 87 3
242 85 3
239 82 1
238 80 1
237 79 3
233 77 1
232 75 1
228 73 1
224 72 0
222 71 0
220 70 1
218 68 0
216 66 3
213 64 2
209 62 1
204 60 0
203 60 1
201 58 0
200 57 0
198 56 0
194 55 0
192 53 1
192 53 1
191 51 1
189 52 1
197 56 0
198 57 0
200 58 1
203 60 0
204 62 0
205 61 0
206 61 1
209 62 2
212 63 1
213 64 3
215 65 2
218 67 1
219 69 0
221 70 0
225 72 2
230 73 2
231 74 1
232 76 1
235 79 1
237 80 0
238 83 0
240 85 2
243 88 0
245 89 1
248 92 0
250 94 2
251 97 3
250 100 1
250 103 0
252 106 1
252 107 1
252 109 2
252 109 0
253 112 0
253 114 1
252 115 0
253 117 0
253 117 1
254 117 2
255 118 3
244 118 8
223 131 40
250 173 44
239 152 33
251 135 7
206 88 15
213 117 28
249 134 7
104 90 62
11 70 117
68 59 69
173 62 24
207 96 23
64 74 78
15 61 96
157 103 45
252 133 5
213 93 18
231 119 25
202 69 14
196 42 4
193 42 2
183 44 12
222 91 18
253 112 1
254 113 1
254 112 1
254 111 2
254 112 1
253 110 1
253 108 2
252 107 1
252 105 0
253 103 1
251 101 1
250 99 2
248 95 0
247 93 0
248 91 2
245 88 2
243 86 1
240 85 0
237 82 0
236 80 0
235 77 4
232 75 2
230 73 1
226 71 1
223 71 0
220 70 1
218 67 1
216 66 1
212 64 2
209 62 1
207 61 1
204 61 0
200 60 1
198 57 3
194 56 3
191 55 4
188 53 4
188 53 7
188 52 9
188 52 10
186 51 11
197 56 0
198 57 0
199 57 0
201 58 0
204 61 0
204 60 0
207 61 1
208 62 2
213 63 2
213 64 2
215 66 2
219 67 1
220 68 1
220 69 0
224 71 1
229 72 1
231 74 1
232 76 1
235 77 1
238 80 3
239 84 0
241 86 1
243 87 2
246 90 1
248 92 1
249 93 1
249 97 1
249 100 1
251 102 1
252 105 1
252 107 1
253 110 3
253 110 1
253 111 2
252 114 2
252 115 1
252 116 0
253 117 2
254 117 2
254 118 5
214 109 24
234 130 29
249 154 26
250 137 3
250 137 7
237 142 25
249 135 8
173 108 39
7 77 122
7 78 127
151 76 39
163 45 11
204 116 39
114 92 60
5 78 129
48 72 92
243 132 14
251 135 6
247 140 21
224 95 18
197 42 4
198 43 1
191 43 7
175 55 15
250 115 5
254 113 2
255 112 3
254 111 3
253 109 0
252 107 0
252 107 1
252 107 1
250 105 0
251 102 0
251 99 1
251 98 3
247 94 2
247 91 2
245 89 2
243 87 2
241 85 1
239 82 0
236 80 0
234 79 1
232 76 2
231 75 2
227 73 2
222 71 4
219 70 4
213 64 5
206 61 7
200 60 8
197 57 6
190 55 6
187 54 8
186 51 10
184 50 8
182 50 10
183 50 9
185 50 10
186 51 11
186 51 11
186 52 11
187 52 11
187 52 8
55
255 255 255
255 255 255
255 255 255
255 255 255
255 255 255
255 255 255
255 255 255
255 255 255
255 255 255
255 255 255
255 255 255
255 255 254
254 254 254
255 254 254
254 254 254
253 254 254
245 243 241
204 191 182
171 142 123
133 94 65
107 57 24
108 57 21
111 56 20
93 44 16
165 77 20
117 56 18
138 65 16
169 77 16
161 77 21
32 31 44
24 48 93
70 80 113
167 130 121
186 135 116
191 138 119
201 148 130
211 163 145
202 161 145
204 169 155
210 186 175
231 212 200
245 225 213
252 232 222
239 224 217
221 212 207
190 173 168
181 155 146
151 111 98
193 155 141
194 155 139
208 173 158
231 206 194
248 229 218
252 232 221
248 230 220
239 221 212
224 213 205
200 196 192
121 121 133
84 102 146
51 82 133
42 50 68
233 155 36
254 165 20
219 129 23
153 68 16
188 102 19
230 149 32
206 127 26
254 165 18
254 164 21
253 165 22
251 166 25
238 157 31
230 166 65
230 183 111
228 202 161
234 227 214
253 252 250
254 254 254
255 255 255
255 255 255
255 255 255
255 255 255
255 255 255
255 255 255
255 255 255
255 255 255
255 255 255
255 255 255
255 255 255
255 255 255
255 255 255
255 255 255
255 255 255
254 254 254
248 247 245
193 166 146
173 117 80
159 77 25
168 78 18
169 77 16
168 77 17
168 77 17
149 71 18
115 57 18
97 47 17
164 76 22
118 54 13
159 75 17
169 77 16
168 77 17
93 47 23
11 29 54
19 43 82
50 72 116
88 83 107
109 82 84
172 127 114
195 146 128
218 180 164
239 209 194
250 224 212
252 230 218
254 230 218
254 230 218
253 230 217
253 230 218
251 233 222
174 153 145
203 148 131
225 167 145
223 172 150
235 204 189
228 205 194
218 200 188
202 186 176
202 192 181
183 178 177
143 148 171
86 111 161
70 100 156
34 61 110
52 78 126
146 114 69
253 165 24
254 165 21
207 119 21
154 71 15
232 148 31
142 73 17
226 138 24
254 165 22
255 165 21
254 165 21
254 165 21
255 165 22
254 165 22
254 165 22
253 166 21
240 162 34
222 211 192
254 254 254
254 255 254
255 255 255
255 255 255
255 255 255
255 255 255
255 255 255
255 255 255
255 255 255
255 255 255
255 255 255
255 255 255
255 255 255
255 255 255
255 255 255
254 254 254
254 254 254
235 231 227
147 70 21
169 77 15
169 77 17
170 77 16
170 77 16
169 77 16
169 77 16
170 77 15
158 73 17
118 56 21
139 64 19
130 57 16
168 77 17
168 77 16
169 77 16
159 75 21
39 42 64
19 43 81
20 43 82
30 56 101
45 69 118
55 78 120
94 98 130
136 123 139
153 133 142
159 137 146
172 160 169
185 181 190
188 182 190
191 182 189
193 184 189
192 185 190
123 108 114
121 93 99
165 137 141
160 136 140
155 141 151
159 161 179
150 157 180
133 143 171
93 113 149
62 89 140
47 73 118
33 54 96
52 74 120
63 92 144
48 60 88
227 154 33
253 166 22
254 165 24
180 95 19
224 141 30
154 86 21
164 76 15
244 156 25
254 165 21
255 165 22
255 165 22
255 165 22
255 165 22
255 165 22
254 165 22
254 165 21
202 143 50
217 219 221
253 253 252
253 254 253
254 254 253
254 254 254
255 255 255
255 255 255
255 255 255
255 255 255
255 255 255
255 255 255
255 255 255
255 255 255
255 255 255
255 255 255
254 254 254
254 254 254
253 254 251
194 194 196
132 62 20
169 77 16
170 77 15
161 73 17
169 76 15
169 77 17
169 77 13
184 94 18
208 117 23
166 77 15
133 59 20
155 70 18
170 76 16
169 77 16
169 77 15
169 77 16
109 58 30
23 43 80
21 50 94
23 50 94
28 55 98
36 60 105
41 68 116
33 61 107
30 57 103
43 73 122
58 88 143
74 104 163
85 116 177
85 116 176
85 116 177
84 117 177
85 116 178
85 116 178
84 115 175
77 107 166
63 93 149
49 77 128
31 56 99
16 37 72
10 30 57
23 41 72
55 78 121
81 110 168
67 95 153
65 90 142
151 117 64
253 165 24
254 164 20
250 162 25
226 141 25
174 104 27
157 72 18
181 91 12
254 165 25
254 164 21
255 165 22
255 165 21
254 165 22
254 165 22
254 165 23
254 166 21
253 165 26
130 114 96
86 113 170
136 153 185
230 232 235
254 253 253
254 254 254
255 255 255
255 255 255
255 255 255
255 255 255
255 255 255
255 255 255
255 255 255
255 255 255
255 255 255
254 255 254
253 253 254
214 218 221
88 104 129
18 37 69
97 49 20
168 77 17
168 77 16
132 59 16
166 78 17
189 97 17
235 146 24
254 165 23
254 164 23
214 124 19
150 68 19
165 79 20
190 98 19
170 77 14
170 77 15
170 77 16
168 77 17
57 33 24
14 34 67
21 49 91
21 50 94
30 55 101
40 65 111
53 78 128
48 73 123
44 71 118
42 69 117
43 69 118
47 75 124
57 85 137
68 98 153
82 114 174
84 116 177
84 115 176
77 107 167
69 100 156
63 93 149
56 84 137
50 76 125
59 85 135
69 98 151
79 109 167
85 117 177
77 107 166
77 105 160
104 99 99
246 162 29
254 164 22
254 164 22
253 166 22
199 124 29
148 69 17
170 77 15
215 123 22
254 165 21
255 165 21
255 165 20
255 165 22
253 165 24
210 129 28
251 163 24
254 165 22
217 149 41
88 108 152
85 116 176
84 116 178
92 117 167
187 194 207
254 254 253
254 255 254
255 255 255
255 255 255
255 255 255
255 255 255
255 255 255
255 255 255
255 255 255
254 254 254
254 253 253
177 182 191
31 53 91
20 51 95
22 49 93
45 33 37
164 77 19
166 76 18
113 51 12
164 76 20
218 129 20
254 165 22
254 165 21
254 165 21
254 164 23
211 123 22
143 64 15
233 146 25
241 152 24
209 119 21
179 87 15
169 77 16
151 72 21
25 20 25
8 22 42
14 36 70
21 49 92
21 50 95
29 58 105
52 80 131
59 86 138
58 84 134
45 69 115
35 57 98
32 53 91
32 54 93
32 54 95
36 57 98
41 64 109
44 70 118
52 78 128
60 88 140
70 100 154
82 113 172
84 114 174
75 104 160
75 105 161
75 105 161
85 114 173
101 108 131
223 151 37
254 164 22
254 165 22
254 166 23
224 140 27
155 74 20
176 83 15
222 133 22
254 165 23
254 165 22
255 165 20
255 165 22
255 165 22
254 165 23
183 109 24
186 97 18
240 153 28
132 112 88
84 116 176
84 116 178
84 116 178
85 116 178
80 105 156
225 227 231
254 254 253
255 254 254
255 255 255
255 255 255
255 255 255
255 255 255
255 255 255
254 254 254
254 254 254
207 211 216
29 52 88
21 51 94
22 50 95
21 50 95
29 51 89
102 54 22
161 74 20
106 49 15
160 75 21
209 119 19
255 165 22
255 165 22
255 165 20
253 163 24
246 158 22
227 140 23
194 107 16
250 161 26
254 165 22
253 163 24
232 142 22
199 110 18
133 67 21
16 17 27
6 19 37
8 22 41
13 33 62
19 45 86
21 50 95
22 50 95
29 59 105
47 77 128
66 96 152
80 111 171
81 110 167
78 107 163
75 105 164
69 100 157
63 93 148
56 86 140
49 77 130
43 70 117
55 81 131
68 95 150
85 115 173
83 115 177
81 104 149
144 119 88
235 158 31
253 165 21
254 164 21
253 164 25
216 127 22
165 78 15
209 119 21
246 159 24
254 165 22
255 165 22
255 165 22
255 165 22
255 165 22
255 165 22
254 165 23
182 109 24
167 78 18
136 69 25
50 71 113
84 116 175
84 116 179
84 116 178
84 117 177
86 117 176
148 156 172
228 230 233
254 254 252
254 254 254
255 255 254
255 255 255
255 255 255
254 254 254
254 254 254
201 205 211
61 75 100
21 51 95
21 50 95
21 50 94
50 79 130
81 112 171
47 51 70
114 59 23
104 49 15
153 72 22
186 95 16
254 165 25
255 165 21
254 165 21
253 165 24
187 106 22
188 101 19
218 127 23
239 151 23
254 165 22
254 165 22
254 165 21
254 164 21
249 163 23
201 128 25
98 69 29
14 19 31
7 19 37
6 20 37
9 26 49
15 35 66
17 41 77
19 43 82
20 46 86
20 47 88
21 48 91
21 48 93
22 49 92
23 49 90
24 49 91
43 69 115
65 92 144
77 106 164
60 89 143
48 76 128
51 65 95
126 99 56
223 147 31
253 165 23
244 159 24
227 147 28
243 157 26
207 117 17
214 124 19
247 159 24
240 151 23
219 130 21
253 164 24
255 165 21
255 165 22
255 165 22
255 165 22
255 165 22
253 165 23
180 104 27
163 77 21
46 37 43
23 50 94
45 74 126
84 116 176
85 116 178
84 116 178
76 106 162
73 101 156
84 109 163
213 216 221
254 254 253
254 254 254
255 255 255
255 255 255
254 254 254
240 241 241
28 50 85
19 47 89
20 43 84
21 49 92
33 61 109
84 115 177
85 116 177
77 105 163
54 46 51
103 52 20
146 68 18
170 79 12
241 153 26
254 165 21
254 166 20
254 165 21
252 165 25
188 109 27
163 75 18
170 78 13
190 98 17
216 126 19
243 155 23
254 165 23
255 165 23
254 166 20
253 165 20
218 146 29
108 77 31
17 23 31
9 24 46
10 24 45
8 22 42
7 19 38
6 17 37
5 17 37
6 17 37
15 30 56
38 56 91
63 85 135
80 109 167
59 91 146
37 67 115
24 50 93
51 57 71
146 107 46
236 157 27
252 164 24
226 145 26
212 134 31
231 151 29
253 165 22
242 153 22
252 164 23
240 150 25
200 109 17
181 89 12
248 159 26
254 165 21
255 165 21
255 165 22
255 165 22
255 165 22
255 165 21
254 165 23
179 101 27
95 48 24
8 23 41
23 48 91
29 58 106
83 115 174
85 116 178
66 94 145
66 91 144
84 113 171
126 141 171
237 238 239
253 254 254
255 254 254
255 255 255
255 255 255
254 254 255
252 253 252
134 141 159
34 57 94
36 63 111
53 83 134
45 73 125
84 116 175
85 116 178
83 116 178
72 99 154
58 44 48
121 58 16
169 76 18
196 105 18
248 160 23
254 164 21
254 165 22
254 165 21
252 165 24
191 115 31
144 67 17
166 76 17
170 76 15
170 78 14
189 98 18
221 130 21
250 161 24
254 165 21
254 165 22
253 165 21
231 152 28
129 91 35
39 43 54
33 56 95
46 74 122
53 82 131
58 87 138
64 93 146
71 101 156
64 95 150
44 72 123
24 53 97
32 49 80
96 82 61
182 126 35
244 160 29
224 137 23
182 102 20
172 92 19
216 135 23
253 165 23
254 165 21
253 164 24
232 142 22
194 103 19
170 78 14
172 78 14
233 143 23
254 165 20
255 165 21
255 165 22
255 165 22
255 165 22
255 164 22
255 165 21
252 166 25
140 84 29
17 17 27
11 28 53
22 49 92
68 95 151
60 86 137
33 57 103
59 87 139
81 109 163
158 168 186
252 252 252
254 254 254
255 255 255
254 254 254
255 255 255
255 255 255
255 255 255
253 254 254
253 254 253
163 152 150
134 109 110
97 98 125
90 104 148
81 103 155
83 112 169
86 116 176
84 117 177
70 100 156
58 43 43
141 67 17
169 77 17
177 83 16
218 128 21
252 163 24
254 165 22
254 166 20
254 165 23
198 128 28
115 59 19
139 66 18
163 75 16
170 77 16
170 77 15
175 84 14
210 118 21
246 157 23
254 165 21
254 165 21
254 164 22
244 162 26
169 112 29
70 55 34
13 24 44
10 28 51
12 31 59
13 34 64
19 35 63
72 68 59
158 112 42
230 152 32
224 135 21
181 99 22
152 71 19
167 84 18
224 135 23
253 164 25
254 165 21
248 160 23
218 127 20
183 91 16
170 77 13
169 77 16
174 82 14
227 138 23
254 165 23
254 164 21
255 164 21
255 165 22
255 165 22
254 165 21
254 165 22
253 165 21
238 158 31
38 29 25
14 33 66
22 50 94
25 51 97
24 51 94
23 48 89
66 85 123
140 147 172
136 133 135
247 247 246
254 255 254
255 255 255
255 255 255
255 255 255
