27 98
MMMMMMMMMMMMMMMMMMnOnOnNNNNNmMlmmMlMmONmOPONlnQQpQpQQpQqQQQQQPonmnnLkMOPoMmOoooooooooooooooooooooo
MMMMMMMMMMMMMlMmnOOmmMMMllnPOOOPnMoqQMLMoonPpOlkMOOoOnnoPQRSsRPPRqRSPNMkNomLnOooooooooPooooooooooo
MMMMMMMMMMMMmnnnMMkkLkLLkKkLOnONNMoOMNPOMMmoQPpPoPPPooPRSrRrrrrqpPOQrQmmOppPooooooPPPPoooooooooooo
MMMMMMMMMMmnnNlLlllLLLLLLKKjOomLmnMmNNMmMllkMMNmMnOOOooOOopqqqqRsSQNOoSroNnpppPQQQPooooooooooooooo
MMMMMMMMMNOmLlllMmmMllLLKJKlONMnMnoNlMllLlnpoOoPPQqrsSqOnnNMPrrRqNoSOMmqrqNNqrrqPooooooooooooooooo
MMMMMMMMmOlLMmmNNNNmMllkJkKnOqOopOlLLLMlMOonnpqlPnOPQRRroMOolMoqqSQPQPNOQSSomPQpooooPPppPooooooooo
MMMMMMMmOMkmNOmOnmNNMMkjLlKPPpPsOnpLLLlLnPmOOOOOOnNMooPPPPOopnpqMOpONooNorRrnmpqQQqqQppPoooooooooo
MMMMMMMONmnmLmLMnoNmmlKlllKPORSNNOnLllLLPOoNkKKMMmkLnNPpPppMnoONPnppQPPpOnQRomoRrRQPoooooooooooooo
MMMMMMMmNmMllOoopqQNMkmNllLlNoonNOmMLLNoOOOMmnMlllnPqRnmMlNOOOopppNNRrQoPqRQPONmPPoooooooooooooooo
MMMMMMMMMmmmmORrtSpOLMNmmlllkkmQOqoOLOOOOnmnJoqlkStUvVURNMlRRROpopmmoQqRSQpqRqOpmOpppPPooooooooooo
MMMMMMMMMMmnPSSTspQPNnPPnllllkKNnnlnOOOOOOoMlmSRkPqSmPQspNNOsstRoOOoPOPqRrSqpppooNNooooooooooooooo
MMMMMMMMMMMMorTtsRRoompmRMmNNLmOOnoOOOOPooppnnlRMOOnRQsronNNNQSpNMmLmLLlnPPrsqQoNMkOPooooooooooooo
MMMMMMMMMMMMNpSSSQnpolMQpONmOoonONOOOnnpRqpOOnoonnsoNoOMlLLLnmNpOlOOlllLLlmnoRRqnNLMopQppPoooooooo
MMMMMMMMMMMMMmnoqPnmNnnNmPoPNOMQrQnnOnnoQSnPPoONroUTmllkMmMmnOnMNMmnmnomMNoqpoqqrqlrLOoooooooooooo
MMMMMMMMmmNNmNnPOpOPOopnLMOMNnQrQPopRSUvvTPmQTpnOOPoooNMnPPNNooMLKjkjlkMmMlmMlLnQqPMRMpPPPoooooooo
MMMMMMMMmmNNmmmMnOoMLMMnmmMNoqNMoqttuVvvVpOlNPnpPPoomNllKLLLmOPokJIhhJklllkkkLLMNQpNnLPPPooooooooo
MMMMMMMMMMMMMMMlLPPlLLlllkNNORmQrTUuuuURMkpRqqnmnkNkLLmmpOnOoomghJijIJiIjiJJiKJjlPqQOOPooooooooooo
MMMMMMMMMMMMMMmNMORRnmlLLLNmNRqMMNnPPPonMOpOPqqRpnoooOoOrSuPooonkkiJKjjKKKKJjJiJKlnoNpppPPoooooooo
MMMMMMMMMmNnNNNNmlMpqmOnlmmMlqrqpmoPqoMMNqRNnnonmlkKjjKLMNPoooooomMlKjKKJJiJiiJJjkMqlooooooooooooo
MMMMMMMMMMMMMMMMNnnlMmnomNMoPpppmOQNMlNOopPooNMKKKKKKjjihHkjlOPPPPNOonMjJJJJjkjLnpNtlPPooooooooooo
MMMMMMMMMMMMMmNNNNmMmOPPONPRqOOPPnMPonomLkNooPpOkLkKkLjjkLllLjKOPPPOooPPnKhImpqRRqlnNPppPPoooooooo
MMMMMMMMMMMmMMMMMmmmMlLnonmMOpQPPRQpOmllmoopQqqnkNoPPoPPPonnNMnoOPPNPppOOPMIhPRrRqOnoooooooooooooo
MMMMMMMMMMMMMMMMMMlMMMmNNmMNmlkmPpqpQqPonmNNNOomQtUuUUtSqPOnnoONNnOprRRpNmOnJjqRRQpPPooooooooooooo
MMMMMMMMMMMMMMMMMMmNnnONMlLlNonllLOprpmlnQRrrsSRONnOooooOpONlkKKmQSrrrqRllOOOPqQQQQpPPoooooooooooo
MMMMMMMMMMMMMMMMNnOOnNMMmnnmllnonMLmnPqqpQpOPqqQNPOlJjkkKjKjjKkKJmprtsrqlkMMNQpPPooPPppPoooooooooo
MMMMMMMMMMMMMmNNNNmMMMmNnmlMNnmllllllMMMMMlmPqRPLLkLlnQpollMMNNNnlklNNNlKkkLpoooooooooooPooooooooo
MMMMMMMMMMMmmMMMMMMMMmNMMMMmmMllMMMMMMMMMMlllllmNPpQQoooooPPoooopplkPlLmPpPPoooooooooooooooooooooo
240 79 36
240 79 36
240 79 36
240 79 36
240 79 36
240 79 36
240 79 36
240 79 36
240 79 36
240 79 36
240 79 36
240 79 36
240 79 36
240 79 36
240 79 36
239 79 36
239 79 35
238 84 33
244 108 45
244 136 43
236 139 33
233 141 38
232 141 35
231 135 24
237 131 23
239 129 24
236 131 26
238 128 25
243 104 30
235 83 46
238 74 26
244 100 29
245 92 34
238 81 34
238 76 36
234 75 44
232 79 67
236 89 89
234 84 75
235 72 63
235 97 84
234 109 102
235 95 92
236 76 76
234 59 57
233 90 87
237 121 111
232 125 116
231 119 105
148 205 127
138 205 123
144 206 124
153 209 119
149 206 114
158 209 111
154 208 125
152 207 122
148 208 126
144 207 128
148 205 130
148 205 124
145 204 104
127 200 107
109 195 94
97 192 92
107 198 103
108 198 89
73 185 72
61 182 72
80 190 95
98 197 116
116 203 124
118 202 107
101 191 73
122 196 61
152 203 59
164 206 59
165 206 57
166 206 58
166 206 58
166 206 58
166 206 58
166 206 58
166 206 58
166 206 58
165 205 57
166 205 57
166 205 57
166 206 58
166 206 58
166 206 58
166 206 58
166 206 58
166 206 58
166 206 58
166 206 58
166 206 58
166 206 58
240 79 36
240 79 36
240 79 36
240 79 36
240 79 36
240 79 36
240 79 36
240 79 36
240 79 36
240 79 36
240 79 36
240 79 36
239 79 35
239 79 33
240 84 32
243 100 29
242 133 24
226 150 41
209 146 60
174 127 74
148 120 105
126 116 113
125 116 115
129 119 112
126 113 105
140 109 100
177 127 102
206 138 101
213 149 61
217 158 49
212 145 56
217 150 82
233 149 24
238 89 32
238 104 91
235 133 127
233 126 113
237 71 51
240 59 36
235 77 40
239 120 70
236 128 64
238 107 56
235 119 100
232 121 113
232 92 89
235 59 52
236 46 37
229 72 52
116 196 99
114 200 103
117 201 108
108 200 109
99 195 106
105 195 109
120 200 119
123 200 117
138 206 125
157 210 136
169 215 150
177 215 151
168 212 131
142 203 103
135 203 117
160 210 129
154 207 136
157 210 146
165 218 160
117 203 132
88 195 111
74 191 88
58 184 70
100 194 89
120 203 114
91 192 91
75 184 67
135 201 60
164 206 55
166 206 58
166 206 58
166 206 58
166 206 58
166 206 58
167 206 59
168 206 59
169 207 62
170 207 63
169 206 60
166 205 58
166 206 58
166 206 58
166 206 58
166 206 58
166 206 58
166 206 58
166 206 58
166 206 58
166 206 58
240 79 36
240 79 36
240 79 36
240 79 36
240 79 36
240 79 36
240 79 36
240 79 36
240 79 36
240 79 34
240 79 35
238 84 33
241 100 29
241 131 25
228 147 28
204 141 53
149 122 91
112 120 122
70 113 131
54 119 147
51 121 151
50 120 151
52 121 152
55 123 151
52 119 147
53 112 135
57 119 140
115 113 107
194 126 100
196 132 70
220 151 42
232 134 27
239 109 43
235 71 58
234 103 99
234 102 84
236 82 43
239 107 41
233 158 60
197 154 73
167 120 79
150 110 96
159 125 87
203 159 68
237 178 69
228 155 69
237 144 79
236 123 88
230 111 94
135 199 121
130 202 119
130 202 114
127 199 101
128 200 98
134 203 115
160 212 139
174 215 147
165 213 146
157 210 142
166 212 141
173 213 136
176 213 136
171 213 133
154 209 132
136 205 122
138 203 106
131 198 96
147 205 119
169 213 141
148 209 125
91 188 91
101 190 76
145 204 71
173 210 73
173 212 77
170 209 74
166 207 64
166 206 58
166 206 57
166 205 57
167 205 58
169 207 63
173 209 68
174 209 68
171 209 66
171 207 64
169 205 59
166 205 57
166 206 58
166 206 58
166 206 58
166 206 58
166 206 58
166 206 58
166 206 58
166 206 58
166 206 58
166 206 58
240 79 36
240 79 36
240 79 36
240 79 36
240 79 36
240 79 36
240 79 36
240 79 36
239 79 36
238 82 32
243 108 25
235 144 28
209 143 55
168 127 87
110 117 120
64 123 141
58 129 154
57 129 155
57 128 154
53 123 152
53 122 151
54 122 151
56 124 152
56 125 152
56 122 148
54 113 135
54 110 135
92 100 98
200 132 87
240 163 23
240 102 26
234 54 37
233 70 64
233 92 85
240 78 42
242 103 28
235 129 24
188 138 61
152 112 97
153 110 107
145 107 113
128 101 117
120 98 119
120 101 98
151 130 79
157 132 74
204 143 45
240 107 28
225 80 59
111 189 106
110 195 111
111 197 112
110 197 117
110 198 119
116 199 119
115 196 112
116 198 104
128 202 109
140 205 116
152 208 128
155 208 134
153 207 129
164 210 125
172 212 128
179 216 151
173 214 148
144 207 122
115 190 88
132 199 85
137 201 97
173 216 144
165 214 146
128 200 109
113 194 79
138 200 69
174 209 74
177 211 77
175 210 71
173 209 63
179 212 79
182 214 84
180 212 80
174 210 67
169 207 61
166 206 58
166 206 58
166 206 58
166 206 58
166 206 58
166 206 58
166 206 58
166 206 58
166 206 58
166 206 58
166 206 58
166 206 58
166 206 58
166 206 58
240 79 36
240 79 36
240 79 36
240 79 36
240 79 36
240 79 36
240 79 36
239 79 35
240 81 33
243 111 29
229 158 25
178 121 80
102 114 117
59 128 152
58 130 156
59 132 159
57 136 162
58 143 169
59 145 173
57 140 168
56 128 154
57 128 154
55 126 152
56 127 153
51 113 141
46 101 122
55 112 131
139 106 93
214 151 48
243 118 23
237 76 51
240 92 68
238 68 49
241 108 51
241 153 45
185 146 57
137 108 102
134 104 117
130 103 117
126 101 117
121 98 116
125 102 113
190 168 50
234 208 25
219 177 33
211 160 50
215 161 52
226 161 55
235 155 55
169 211 90
163 211 113
170 217 134
180 219 152
167 215 151
143 207 135
113 195 109
117 196 97
115 195 94
100 195 88
90 190 86
128 201 119
159 212 145
159 210 147
158 209 137
163 210 125
104 193 87
119 198 116
166 216 150
124 196 97
97 191 75
100 191 87
159 208 127
167 214 145
148 207 134
96 195 101
125 198 67
181 213 90
193 220 107
193 222 103
183 215 86
175 209 68
169 207 59
167 206 58
166 206 58
166 205 58
166 205 58
167 205 57
167 205 58
169 204 59
168 205 60
168 205 59
166 205 58
166 205 58
166 206 58
166 206 58
166 206 58
166 206 58
166 206 58
240 79 36
240 79 36
240 79 36
240 79 36
240 79 36
240 79 36
239 79 34
239 81 32
240 110 24
233 155 26
159 117 76
73 118 132
56 136 162
59 141 167
60 146 172
57 150 176
58 151 178
58 151 179
58 150 178
57 147 176
56 136 163
57 130 154
57 129 154
55 117 142
45 101 124
54 118 145
55 111 134
186 123 97
222 157 32
239 160 93
237 102 73
242 121 74
245 154 64
204 156 56
140 120 80
118 99 106
116 98 120
120 97 115
140 104 111
140 103 104
150 107 106
186 145 80
209 162 65
187 127 82
189 121 94
178 147 136
169 163 161
140 107 91
204 141 106
191 135 82
190 147 78
203 179 71
195 202 78
187 224 95
172 218 110
164 215 134
116 201 121
87 191 88
133 198 84
131 199 97
72 187 80
79 188 95
116 199 114
152 207 130
148 206 136
164 214 150
144 205 126
128 202 120
152 206 121
140 200 101
96 193 96
109 196 114
146 206 129
169 214 152
170 214 150
119 200 117
96 191 82
149 204 89
179 215 84
177 210 72
171 207 61
169 206 59
169 206 58
169 207 58
170 207 62
174 208 66
178 207 74
179 207 73
175 207 70
170 206 63
168 206 59
166 205 58
166 205 58
166 206 58
166 206 58
166 206 58
166 206 58
166 206 58
240 79 36
240 79 36
240 79 36
240 79 36
240 79 36
240 79 36
239 80 35
241 108 26
232 160 23
155 117 82
73 121 121
113 149 108
157 146 79
190 154 75
205 133 35
205 160 53
168 163 77
89 151 136
58 150 177
57 150 177
58 138 166
59 133 159
52 122 145
46 109 132
57 126 149
57 129 153
62 112 129
206 132 103
213 182 58
243 145 73
241 119 85
244 186 116
213 159 51
202 159 48
245 202 18
139 117 77
119 98 118
121 95 110
138 100 105
132 99 101
189 168 40
221 197 29
183 130 69
197 124 101
198 122 99
197 124 99
198 127 99
198 127 100
196 125 99
184 119 97
177 113 91
164 105 83
205 131 102
206 139 95
201 156 89
174 209 62
138 206 109
125 204 124
98 195 118
114 202 123
127 206 132
99 194 115
124 207 138
139 210 138
83 187 91
112 198 113
140 203 123
125 197 93
113 193 86
126 199 106
135 200 103
103 192 86
113 200 124
161 212 144
162 211 139
162 212 142
110 197 100
100 193 76
173 210 81
185 214 89
181 213 77
181 213 79
185 216 89
185 216 90
181 215 83
179 211 78
180 205 74
173 205 64
169 203 58
165 205 56
165 206 57
166 206 58
166 206 58
166 206 58
166 206 58
166 206 58
166 206 58
166 206 58
240 79 36
240 79 36
240 79 36
240 79 36
240 79 36
240 78 36
240 95 31
241 151 20
193 138 57
186 140 43
232 141 25
236 112 29
236 65 29
237 73 63
234 55 45
241 77 45
242 122 43
241 167 29
154 168 73
59 147 170
60 145 171
56 129 156
47 113 135
59 132 158
57 131 156
57 130 155
68 113 127
206 132 104
218 163 40
241 175 90
240 157 136
235 86 65
243 104 43
245 134 37
214 153 30
117 98 113
120 99 119
121 98 120
118 97 119
133 107 89
214 162 69
200 128 96
197 127 102
183 117 93
138 94 87
127 83 86
126 82 85
153 98 104
152 95 107
150 109 122
129 85 99
144 92 97
175 118 102
176 124 81
201 161 83
189 217 60
151 209 86
132 207 125
125 202 128
79 186 88
96 194 111
113 200 114
109 197 106
94 193 101
121 203 121
92 196 118
123 204 132
153 207 108
171 214 94
154 204 91
136 202 113
137 204 128
115 197 99
102 192 107
146 206 126
162 211 133
129 197 104
101 191 80
141 201 85
191 220 102
195 222 105
190 218 93
182 213 80
174 209 67
170 207 62
167 206 60
166 205 58
165 206 58
166 205 58
165 206 58
166 206 58
166 206 58
166 206 58
166 206 58
166 206 58
166 206 58
166 206 58
166 206 58
240 79 36
240 79 36
240 79 36
240 79 36
240 79 35
240 78 34
241 85 35
242 109 30
243 118 29
241 99 32
240 81 35
239 78 32
240 66 35
234 100 89
236 118 73
239 149 49
242 166 47
245 180 65
235 191 47
144 173 76
58 135 159
54 120 144
57 143 170
60 151 175
57 132 160
56 130 155
60 124 149
108 118 121
172 126 87
217 167 56
240 145 52
240 114 49
243 107 42
243 138 33
174 139 67
152 127 81
117 97 113
127 98 109
173 116 100
202 126 103
193 122 96
195 122 95
197 124 98
160 103 88
141 110 119
153 120 131
139 107 117
135 95 108
144 90 105
149 105 88
177 155 72
190 189 72
193 207 90
184 223 93
128 205 75
94 194 85
86 191 88
80 188 74
87 194 101
95 199 123
100 198 117
107 198 119
117 200 115
127 205 132
140 206 113
146 205 116
97 193 94
103 192 87
176 213 115
196 219 104
183 213 79
148 202 82
131 202 110
146 208 140
151 210 139
143 205 127
146 204 104
124 194 98
99 196 100
101 192 82
162 206 74
173 207 62
169 206 58
167 206 57
167 206 59
167 206 60
168 205 59
168 205 59
167 205 59
166 206 58
166 206 58
166 206 58
166 206 58
166 206 58
166 206 58
166 206 58
166 206 58
166 206 58
240 79 36
240 79 36
240 79 36
240 79 36
240 79 36
240 79 36
239 79 35
239 80 36
240 83 39
240 86 43
240 88 45
239 92 40
240 104 28
242 140 35
242 185 79
246 170 109
250 198 127
238 195 100
245 199 23
207 190 26
58 127 148
58 142 161
86 154 145
73 152 154
61 141 166
59 130 157
59 130 155
58 129 153
58 120 142
93 110 115
167 121 79
227 164 83
228 154 34
242 174 78
244 155 30
226 171 23
150 107 77
195 123 99
198 125 101
197 124 97
195 124 98
190 122 96
174 109 87
187 120 98
112 74 84
164 129 141
185 147 159
136 101 113
139 96 78
230 228 70
216 234 124
208 229 160
217 233 181
218 235 177
204 226 157
160 211 129
105 193 88
78 188 93
75 186 81
149 215 144
153 208 139
147 213 147
88 197 127
125 205 135
119 200 114
136 208 120
102 196 77
97 193 79
152 204 76
182 213 83
187 217 82
192 219 96
194 221 114
159 207 109
142 204 123
152 207 133
157 209 141
156 209 133
107 198 113
121 206 138
82 191 97
142 201 79
177 212 77
177 212 74
173 210 72
172 208 68
171 206 64
170 205 61
168 205 59
166 206 58
166 206 58
166 206 58
166 206 58
166 206 58
166 206 58
166 206 58
166 206 58
166 206 58
240 79 36
240 79 36
240 79 36
240 79 36
240 79 36
240 79 36
240 79 36
239 79 36
240 82 38
239 85 41
240 91 48
244 121 44
246 170 31
240 186 105
247 170 115
249 191 119
244 195 107
243 189 29
242 180 60
240 175 40
151 149 84
224 147 35
240 150 59
244 155 44
167 164 69
59 132 153
58 130 156
58 130 155
57 130 155
55 121 145
100 100 99
182 117 90
189 125 85
198 146 64
161 107 70
187 120 94
196 123 98
195 123 98
195 122 98
197 123 99
197 126 99
199 142 80
212 166 59
174 130 60
157 98 95
143 106 126
195 160 180
191 151 170
130 95 87
192 213 42
163 214 107
160 217 151
97 191 91
129 204 120
148 204 121
176 219 149
152 205 109
116 195 75
100 197 85
128 199 86
182 220 146
177 215 154
185 224 166
165 217 121
155 203 75
165 195 62
168 190 55
177 196 57
188 212 46
173 189 56
187 206 57
205 224 64
201 221 80
198 221 98
188 222 122
165 209 117
143 202 116
142 202 113
137 202 123
103 201 125
105 203 131
91 194 110
122 198 67
168 208 59
169 206 61
168 205 59
167 205 58
166 205 58
165 206 58
166 206 58
166 205 58
166 206 58
166 206 58
166 206 58
166 206 58
166 206 58
166 206 58
166 206 58
240 79 36
240 79 36
240 79 36
240 79 36
240 79 36
240 79 36
240 79 36
240 79 36
240 79 36
240 79 36
240 78 36
242 95 29
246 161 21
243 192 93
250 200 115
249 205 119
246 190 118
241 161 100
244 196 70
242 125 58
244 121 65
242 84 46
236 116 108
231 87 56
241 185 78
137 140 79
152 146 78
174 153 68
152 165 78
83 128 122
155 117 103
197 125 101
194 122 97
190 121 95
200 128 100
198 125 99
196 125 99
195 124 98
194 123 96
211 135 107
203 130 97
216 168 51
231 196 39
225 206 27
189 139 71
165 124 112
141 103 102
191 154 166
143 107 111
181 182 52
166 213 45
131 201 74
158 214 130
143 208 125
187 225 138
195 223 103
182 192 61
185 182 43
177 163 53
174 138 71
172 152 67
192 204 80
200 223 108
184 218 58
182 130 72
166 92 100
167 102 109
156 92 85
176 121 72
156 84 96
158 84 94
161 100 81
188 170 49
197 208 47
171 211 67
193 222 109
199 223 127
167 213 115
158 207 108
121 199 112
90 193 112
73 191 97
60 185 68
141 202 70
173 208 64
171 206 61
170 203 58
170 204 58
170 204 58
168 205 59
167 205 58
166 205 58
166 206 58
166 206 58
166 206 58
166 206 58
166 206 58
166 206 58
240 79 36
240 79 36
240 79 36
240 79 36
240 79 36
240 79 36
240 79 36
240 79 36
240 79 36
240 79 36
239 79 36
240 83 32
243 118 27
246 173 43
245 203 84
229 194 109
235 198 99
242 188 50
240 122 35
234 122 101
243 110 77
236 58 43
234 67 54
235 121 118
236 125 106
239 112 65
242 100 45
243 113 25
217 159 39
203 132 98
202 126 102
190 120 95
194 124 99
187 117 91
193 123 97
196 124 98
196 124 99
192 122 95
191 120 92
217 138 108
235 150 118
229 145 114
216 138 109
199 139 80
206 163 54
199 161 45
216 183 31
224 183 29
224 147 35
151 202 56
178 222 151
120 205 109
135 202 55
184 219 36
188 171 59
169 103 87
160 85 96
154 84 96
152 90 80
154 85 95
172 116 123
160 107 107
174 141 69
216 216 26
204 174 43
162 90 98
172 117 122
173 116 124
158 87 96
158 85 95
158 84 96
150 82 93
156 92 88
164 90 96
172 137 72
150 200 51
138 203 91
190 218 95
197 220 94
176 211 101
125 196 87
108 194 87
67 186 79
80 190 92
144 204 81
176 213 76
184 207 82
181 206 77
176 207 72
172 207 66
170 206 61
169 205 59
167 206 58
166 206 58
166 206 58
166 206 58
166 206 58
166 206 58
240 79 36
240 79 36
240 79 36
240 79 36
240 79 36
240 79 36
240 79 36
240 79 36
240 79 36
240 79 36
239 79 36
240 79 36
239 81 34
241 93 36
246 136 25
222 167 37
221 163 105
227 170 44
238 126 36
237 78 54
241 85 61
237 85 74
238 92 73
234 85 76
228 72 72
234 113 95
244 126 58
235 175 33
186 119 83
194 124 97
170 108 87
223 143 113
238 160 127
221 140 111
193 123 94
192 121 94
193 122 96
191 122 94
191 122 93
201 130 100
219 141 110
239 163 126
197 143 69
213 172 66
205 162 77
202 152 85
195 126 94
193 130 60
237 198 80
145 203 90
210 231 147
215 233 112
167 156 52
159 94 84
162 106 80
151 84 85
163 90 99
167 95 104
167 93 101
171 97 105
175 112 115
179 120 123
176 107 113
170 97 87
194 158 42
169 93 92
171 98 105
175 110 115
172 94 102
178 109 114
179 123 126
170 95 103
167 106 80
189 149 50
210 190 34
213 223 52
177 209 77
174 201 64
203 216 67
187 219 85
195 220 101
182 213 91
85 190 76
151 216 157
65 185 81
151 204 63
173 204 60
168 204 57
166 205 56
166 205 57
166 205 58
166 206 58
164 206 58
165 206 58
166 206 58
166 206 58
166 206 58
166 206 58
240 79 36
240 79 36
240 79 36
240 79 36
239 79 36
239 79 36
239 80 38
240 83 40
239 86 42
239 89 45
239 93 49
241 99 54
239 90 49
242 93 55
242 113 53
245 165 33
192 140 82
199 138 123
190 137 84
214 164 71
238 143 44
244 136 59
234 134 97
237 100 67
238 60 39
241 81 31
239 154 28
170 123 59
183 118 92
190 120 99
224 143 114
239 159 128
218 142 112
212 135 104
201 129 102
202 145 110
216 167 127
217 182 139
234 201 160
246 218 178
243 219 181
220 193 150
231 171 43
236 95 40
238 136 98
245 211 113
213 180 64
193 123 90
200 140 70
183 205 34
189 218 35
181 216 34
202 207 29
207 172 46
188 133 73
171 100 89
172 113 116
182 137 136
184 133 133
179 100 108
177 99 106
185 127 127
184 127 126
171 93 101
153 90 92
130 84 85
121 79 83
134 85 90
130 78 83
159 84 95
150 84 84
169 108 75
181 123 72
168 109 81
154 96 88
164 108 109
163 96 104
158 89 96
155 95 82
178 177 49
197 221 58
193 218 80
161 209 81
76 187 96
140 213 151
98 192 73
178 205 74
177 206 72
176 205 68
172 205 64
169 206 60
167 205 58
165 206 58
165 206 58
166 206 58
166 206 58
166 206 58
166 206 58
240 79 36
240 79 36
240 79 36
240 79 36
239 79 36
239 79 36
239 81 38
239 85 41
240 89 46
240 92 48
241 96 52
241 99 55
239 86 46
239 86 46
241 88 46
240 92 34
237 142 29
190 141 82
178 127 126
133 104 117
122 101 107
148 120 85
169 128 68
182 149 77
184 129 57
174 133 67
164 118 72
171 114 99
204 129 105
230 146 113
175 116 100
154 110 99
179 141 118
205 167 125
235 199 144
237 203 146
237 208 159
241 212 168
243 215 175
245 219 180
237 212 174
200 171 85
246 144 34
238 70 40
240 95 59
244 157 44
203 154 47
225 170 71
207 174 64
181 180 79
158 186 84
140 186 105
111 162 106
106 162 115
93 147 109
95 143 110
87 119 98
99 125 109
110 116 107
120 103 101
135 117 121
137 137 147
135 154 161
118 153 162
89 112 113
82 93 92
86 79 83
82 70 74
81 70 70
92 91 83
125 99 94
145 100 99
144 98 100
135 107 103
130 92 94
129 87 93
129 91 92
141 94 97
153 90 94
165 102 85
175 153 56
208 222 44
184 213 72
114 197 82
107 198 98
72 181 71
174 199 68
174 205 67
172 204 64
169 205 61
169 205 60
167 205 58
165 206 58
165 206 58
166 206 58
166 206 58
166 206 58
166 206 58
240 79 36
240 79 36
240 79 36
240 79 36
240 79 36
240 79 36
240 79 36
239 79 36
240 79 36
240 79 36
240 79 36
240 79 36
239 79 36
239 79 36
240 80 37
239 67 35
236 59 35
240 149 65
207 166 76
143 113 95
118 100 119
119 98 119
120 98 121
120 98 120
120 98 120
123 93 100
170 114 99
171 116 100
192 124 103
239 150 121
164 115 97
179 155 138
202 177 144
225 195 146
234 203 150
240 208 155
241 211 160
240 210 159
233 207 157
192 168 140
135 109 117
123 104 91
236 180 51
240 151 110
239 146 103
245 190 52
191 178 36
131 167 77
119 165 119
80 124 115
100 153 134
82 117 121
84 128 115
82 121 119
93 142 141
90 140 146
113 172 177
101 152 159
100 151 155
100 154 159
102 160 165
105 162 168
93 135 141
80 57 58
104 62 59
81 97 94
80 92 80
87 111 93
70 96 76
78 108 87
77 102 82
74 98 76
85 113 92
74 97 78
80 103 84
80 106 86
83 94 79
99 105 92
83 102 84
107 96 82
164 104 73
205 208 36
201 220 78
169 211 92
139 201 75
148 203 72
176 203 69
171 205 61
169 205 58
167 205 57
166 205 58
166 205 58
165 206 58
165 206 58
166 206 58
166 206 58
166 206 58
166 206 58
240 79 36
240 79 36
240 79 36
240 79 36
240 79 36
240 79 36
240 79 36
240 79 36
240 79 36
239 78 35
239 79 36
239 80 36
238 80 36
239 82 40
241 87 47
242 89 51
238 69 47
233 101 86
236 149 115
241 174 85
209 148 52
170 128 70
138 109 99
121 98 111
121 96 109
138 98 94
164 114 104
164 112 104
172 114 100
239 151 119
219 150 119
148 111 95
132 111 109
143 125 122
155 137 112
194 165 92
205 165 80
212 164 69
228 161 40
221 156 33
176 135 50
216 158 39
244 154 59
241 112 64
246 134 67
232 192 65
169 198 124
124 191 187
109 175 184
93 152 159
105 162 170
104 162 169
103 161 167
102 159 165
102 159 165
102 158 163
156 177 185
193 168 177
210 198 204
121 162 169
104 163 169
104 162 169
103 161 169
103 150 158
102 101 105
87 118 112
73 97 79
80 105 85
84 119 93
84 114 91
83 114 90
87 117 93
87 116 95
86 116 93
87 115 92
79 105 85
85 108 89
80 104 85
78 99 80
87 102 79
106 123 68
137 156 57
161 188 54
156 209 60
118 196 69
175 209 71
182 206 77
179 206 76
175 206 71
172 206 65
169 205 60
166 205 58
164 206 58
165 206 58
166 206 58
166 206 58
166 206 58
166 206 58
240 79 36
240 79 36
240 79 36
240 79 36
240 79 36
239 78 35
239 79 36
239 81 37
238 84 39
240 89 45
240 97 54
241 105 62
241 93 51
242 94 53
241 93 54
241 92 53
242 87 49
239 72 40
235 71 59
235 120 111
235 140 113
236 95 43
245 142 25
206 170 34
147 106 97
160 112 105
160 111 105
154 107 99
154 105 84
235 148 114
242 155 123
235 147 116
213 137 108
177 137 66
220 174 33
247 158 42
250 147 89
240 112 74
240 78 45
239 85 34
241 102 48
246 139 98
247 146 108
243 109 40
214 155 34
117 150 140
109 159 166
102 147 156
105 126 136
107 112 121
108 94 106
115 84 100
115 76 91
115 78 94
113 89 103
108 101 115
104 121 129
99 144 149
106 165 172
103 160 167
102 160 165
103 161 167
104 162 170
103 161 170
103 164 169
87 139 141
90 132 133
87 130 120
83 120 103
82 112 89
84 118 94
87 121 96
79 109 87
77 104 84
77 102 82
79 104 84
78 102 83
78 102 82
79 104 84
80 107 87
87 113 81
118 133 58
148 168 47
193 215 83
102 193 52
162 205 59
166 205 58
167 204 58
167 205 57
167 204 58
167 205 58
166 205 58
164 206 58
165 206 58
166 206 58
166 206 58
166 206 58
166 206 58
240 79 36
240 79 36
240 79 36
240 79 36
240 79 36
239 78 35
240 79 36
239 81 37
239 82 40
239 84 39
240 83 38
239 82 38
239 78 36
239 78 37
239 79 38
239 82 40
242 91 50
241 102 62
243 101 64
238 57 44
233 67 62
238 79 63
242 116 46
228 158 42
174 142 64
164 136 88
148 119 90
204 168 54
225 190 28
216 139 105
214 148 93
219 146 100
178 125 75
205 168 39
219 175 76
238 106 46
239 77 37
238 76 34
243 82 64
236 102 87
234 102 90
236 120 103
237 112 93
240 119 70
235 146 49
189 145 54
170 119 76
133 83 77
137 68 93
136 68 90
137 72 91
136 72 91
134 70 89
132 68 88
129 66 89
116 60 83
101 53 75
95 51 70
106 94 109
93 90 106
95 118 132
100 154 161
107 168 175
105 166 175
105 168 174
106 170 176
90 149 155
99 157 162
103 161 167
95 152 158
90 139 136
78 109 98
81 106 87
82 107 88
82 107 87
81 107 86
85 111 83
101 126 81
90 119 78
125 146 58
167 181 57
195 210 56
123 198 63
183 227 163
82 186 76
170 208 68
174 204 65
171 204 61
168 204 58
166 205 58
166 205 58
166 206 58
166 206 58
166 206 58
166 206 58
166 206 58
166 206 58
166 206 58
240 79 36
240 79 36
240 79 36
240 79 36
240 79 36
240 79 36
240 79 36
240 79 36
240 79 36
239 79 36
239 81 37
240 82 39
240 83 40
240 86 43
241 92 50
241 98 57
242 95 57
241 93 54
238 89 48
239 75 45
237 76 59
236 98 90
235 118 102
243 120 78
242 126 44
239 119 36
235 141 71
236 168 108
240 165 87
221 142 56
229 150 42
231 160 60
221 151 71
241 129 38
236 86 41
239 117 91
235 98 91
235 96 79
243 108 84
240 79 54
238 55 40
234 46 41
235 79 70
235 100 93
232 105 97
236 121 84
242 174 44
166 174 83
121 87 104
148 75 101
143 72 97
132 73 95
133 82 103
134 86 106
115 77 96
114 76 97
120 84 106
127 92 112
130 95 115
130 94 115
124 89 111
111 73 97
84 104 116
96 154 162
104 165 172
104 168 175
106 169 175
97 154 161
102 160 168
102 162 169
104 166 173
106 170 176
94 150 152
80 115 110
62 87 76
71 94 76
162 165 44
209 211 40
213 226 57
207 223 75
200 220 87
185 215 90
77 184 78
99 198 102
125 198 69
174 209 68
179 205 75
178 206 73
175 207 71
171 206 65
169 206 60
166 205 58
166 205 58
166 206 58
166 206 58
166 206 58
166 206 58
166 206 58
240 79 36
240 79 36
240 79 36
240 79 36
240 79 36
240 79 36
240 79 36
240 79 36
240 79 36
238 80 36
239 83 38
242 85 42
239 82 39
240 81 39
241 79 38
239 79 37
239 81 40
241 85 44
241 86 46
240 86 44
241 82 41
239 71 37
236 60 33
235 91 76
234 102 91
236 98 75
240 80 52
239 69 53
236 93 83
235 122 109
236 128 108
236 117 97
234 118 99
237 141 127
235 125 110
242 121 102
237 106 75
240 84 53
241 58 40
237 66 42
237 80 56
241 104 85
236 108 90
232 122 110
234 132 116
238 143 107
244 183 58
147 149 107
136 80 100
157 106 123
165 124 139
170 132 146
170 130 146
167 127 142
172 130 146
174 132 147
172 130 146
162 123 141
152 116 136
149 116 134
144 113 132
119 115 131
102 151 156
104 161 170
98 156 163
106 167 173
104 167 172
93 144 153
106 169 176
104 175 182
104 173 180
98 156 166
98 155 163
109 166 173
89 135 138
64 90 95
74 90 64
200 205 40
206 224 70
197 220 103
192 219 96
187 217 92
147 203 69
138 201 66
167 206 64
169 207 63
170 206 61
167 205 57
166 205 57
167 205 58
166 205 58
166 205 58
166 205 58
166 206 58
166 206 58
166 206 58
166 206 58
166 206 58
240 79 36
240 79 36
240 79 36
240 79 36
240 79 36
240 79 36
240 79 36
240 79 36
240 79 36
239 79 36
239 79 35
239 79 36
239 79 36
239 79 36
240 79 36
240 79 36
242 79 38
240 79 35
239 79 34
239 78 36
239 79 37
239 82 40
239 88 46
243 96 55
242 96 56
239 82 47
240 75 47
241 87 53
240 88 51
236 67 40
237 43 40
231 77 65
235 115 99
238 116 101
237 135 123
232 123 110
232 123 116
236 133 119
238 112 98
239 105 85
238 96 68
240 84 57
239 90 63
239 89 66
233 84 68
239 113 60
215 167 53
129 125 124
182 138 149
226 175 185
230 180 191
231 181 192
231 179 191
228 176 188
226 170 182
201 158 169
184 148 162
169 128 144
142 127 144
121 134 144
102 145 157
105 165 169
101 157 161
91 143 149
94 146 153
96 152 158
98 160 167
104 175 185
113 197 207
108 195 204
109 191 202
100 176 182
94 145 156
88 139 148
100 156 161
97 151 156
71 104 101
107 122 57
219 225 46
199 223 90
191 218 97
184 214 81
178 211 73
175 209 69
172 208 64
169 206 60
167 205 57
166 204 57
166 206 58
166 206 58
166 206 58
166 206 58
166 206 58
166 206 58
166 206 58
166 206 58
166 206 58
166 206 58
240 79 36
240 79 36
240 79 36
240 79 36
240 79 36
240 79 36
240 79 36
240 79 36
240 79 36
240 79 36
240 79 36
240 79 36
240 79 36
240 79 36
240 79 36
240 79 36
240 78 35
240 78 37
239 85 45
241 92 51
241 100 61
242 102 65
244 104 66
243 94 52
240 83 42
240 71 34
239 54 37
234 57 49
234 84 76
236 107 94
238 90 69
236 65 44
239 57 42
233 51 43
237 95 84
232 122 109
239 145 130
234 116 104
234 76 64
234 65 51
234 93 75
236 127 111
238 141 127
237 142 134
239 147 136
239 166 140
245 188 109
219 199 85
159 166 100
106 138 145
117 135 149
126 141 153
129 146 157
126 146 157
117 151 159
110 157 168
98 156 165
111 168 177
100 153 164
91 140 153
84 124 141
73 109 128
72 104 126
73 102 126
92 135 149
107 179 189
117 204 213
116 195 207
111 199 208
112 200 212
111 187 197
109 195 204
76 123 140
84 126 139
100 158 164
96 159 164
101 159 157
204 209 42
205 223 65
185 214 78
180 212 77
181 214 81
180 214 81
178 212 77
174 209 67
171 206 64
169 205 60
168 205 58
166 205 58
166 205 58
166 206 58
166 206 58
166 206 58
166 206 58
166 206 58
166 206 58
166 206 58
166 206 58
240 79 36
240 79 36
240 79 36
240 79 36
240 79 36
240 79 36
240 79 36
240 79 36
240 79 36
240 79 36
240 79 36
240 79 36
240 78 35
240 78 35
239 79 36
239 84 42
240 93 52
242 103 64
244 106 68
243 105 67
241 101 62
240 90 51
240 79 40
240 77 35
239 84 44
243 98 63
242 102 64
239 84 47
242 65 36
234 69 46
240 95 73
239 102 88
234 84 79
234 67 61
232 48 44
237 75 68
235 92 81
235 116 100
236 130 121
236 134 125
236 123 110
234 125 111
239 122 99
240 102 78
240 116 94
234 136 120
233 151 104
242 184 57
127 153 114
102 171 181
100 153 168
80 120 138
64 95 116
70 98 119
98 120 91
102 123 89
85 108 105
70 99 122
73 101 125
71 100 122
69 98 121
74 103 128
74 104 130
72 102 125
68 93 115
88 136 151
103 176 181
119 195 204
140 212 223
124 206 217
112 199 208
109 190 198
81 126 141
79 110 133
85 125 144
86 129 145
145 167 78
209 224 50
181 213 68
173 209 67
171 208 63
169 207 59
170 207 60
172 209 65
175 210 69
175 209 70
176 207 72
174 205 65
170 205 61
166 205 58
166 206 58
166 206 58
166 206 58
166 206 58
166 206 58
166 206 58
166 206 58
166 206 58
240 79 36
240 79 36
240 79 36
240 79 36
240 79 36
240 79 36
240 79 36
240 79 36
240 79 36
239 79 36
239 79 36
239 80 37
240 80 38
239 86 43
241 92 50
241 95 54
240 94 54
242 92 50
242 88 46
240 81 41
239 78 36
239 78 36
242 83 41
242 96 55
244 102 62
241 89 50
238 78 35
240 79 38
240 93 52
243 100 61
241 89 47
239 77 34
239 77 36
239 76 35
239 75 35
239 76 35
239 78 34
238 79 35
239 78 36
241 76 37
239 74 40
239 74 45
237 63 47
237 74 62
234 110 100
235 139 120
239 170 99
211 174 64
119 123 92
92 117 114
94 120 107
103 127 105
112 135 93
169 185 51
204 222 44
204 222 41
195 205 34
142 151 57
135 145 66
135 152 71
137 155 64
162 178 56
160 177 58
159 176 59
171 183 48
140 150 59
75 109 131
83 120 142
88 142 160
90 143 162
91 143 161
85 121 138
102 120 85
99 116 105
97 116 99
123 133 76
211 222 33
179 211 48
166 206 56
167 207 58
169 206 60
168 206 59
167 206 58
166 206 58
166 206 57
167 206 57
169 204 61
171 206 63
171 206 64
169 206 60
168 205 58
166 205 58
166 206 58
166 206 58
166 206 58
166 206 58
166 206 58
166 206 58
240 79 36
240 79 36
240 79 36
240 79 36
240 79 36
240 79 36
240 79 36
240 79 36
240 79 36
239 81 38
239 85 41
241 91 47
241 84 43
240 83 42
239 82 41
241 82 41
241 81 38
240 78 35
240 78 36
239 79 36
239 82 39
242 88 46
242 91 49
240 84 42
239 78 36
239 78 36
239 80 38
242 86 44
242 86 45
238 80 37
238 78 34
238 79 35
240 79 36
240 79 36
240 79 36
240 79 36
240 79 36
240 79 36
240 79 36
240 79 36
240 78 36
241 77 35
239 73 34
237 66 35
240 63 36
240 64 35
236 77 29
241 96 31
237 119 26
190 213 49
192 217 50
198 220 65
192 220 70
176 209 52
169 205 56
168 206 54
169 208 54
173 209 55
177 211 58
176 211 58
174 209 55
171 208 54
171 206 55
175 209 52
200 221 34
185 194 84
121 140 83
96 120 97
136 150 166
100 116 126
100 122 100
132 136 98
211 217 24
203 221 40
190 216 46
183 213 44
174 210 49
169 206 56
164 206 57
164 206 56
166 205 58
166 206 58
166 206 58
166 206 58
166 206 58
166 206 58
166 206 58
166 205 58
166 205 58
166 206 58
166 206 58
166 206 58
166 206 58
166 206 58
166 206 58
166 206 58
166 206 58
166 206 58
