45 81
zzzzzzzzzzzzzzzzzzzzzzzzzzzzzzYRzzzzzzzzzzzzzzzzzzzzzzzzzzzzzzzzzzzzzzzzzzzzzzzzz
zzzzzzzzzzzzzzzzzzzzzzzzzzzzzsjKzzzzzzzzzzzzzzzzzzzzzzzzzzzzzzzzzzzzzzzzzzzzzzzzz
zzzzzzzzzzzzzzzzzzzzzzzzzzzyNIiMzzzzzzzzzzzzzzzzzzzzzzzzzzzzzzzzzzzzzzzzzzzzzzzzz
zzzzzzzzzzzzzzzzzzzzzzzzzzvJhIhPzzzzzzzzzzzzzzzzzzzzzzzzzzzzzzzzzzzzzzzzzzzzzzzzz
zzzzzzzzzzzzzzzzzzzzzzzzzshhhhhRzzzzzzzzzzzzzzzzzzzzzzzzzzzzzzzzzzzzzzzzzzzzzzzzz
zzzzzzzzzzzzzzzzzzzzzzzzqhhhhhHuzzzzzzzzzzzzzzzzzzzzzzzzzzzzzzzzzzzzzzzzzzzzzzzzz
zzzzzzzzzzzzzzzzzzzzzzzOhhhhhhGxzzzzzzzzzzzzZzzzzzzzzzzzzzzzzzzzzzzzzZWtrQPnmXzzz
zzzzzzzzzzzzzzzzzzzzzzOIhhhhhhHzzzzzzzzzzvqMiZzzzzzzzzzzzzzzzzzXUROLiHIIJjjqZzzzz
zzzzzzzzzzzzzzzzzzzzzQIhhhhhhhKzzzzzzzVpKJjitzzzzzzzzzzzzYUROkhhhhhhhhhIiQyzzzzzz
zzzzzzzzzzzzzzzzzzzzthIhhhhhhhNzzzzYRkJJiIhSzzzXUrzzZuRNjHhIIIhhhhhhhhIpYzzzzzzzz
zzzzzzzzzzzzzzzzzzzWiIhhhhhhhhpzzWOJJiIhhHornkhhHNOkHhhIIIIhhhhhhhhhJRZzzzzzzzzzz
zzzzzzzzzzzzzzzzzzzlihhhhhhhhhQvmiJIhhhhHGhhHgggHhhhhhhhhhhhhhhhhHkszzzzzzzzzzzzz
zzzzzzzzzzzzzzzzzzThIhhhhhhhhHhhIIhhhhhhggggHhhhIIIhhhhhhhhhhhhHMuzzzzzzzzzzzzzzz
zzzzzzzzzzzzzzzzzzJIhhhhhhhhGghIhhhhhhHggHhhhhIIIhhhhhhhhhhhhhOWzzzzzzzzzzzzzzzzz
zzzzzzzzzzzzzzzzzugIhhhhhhHGhhhhhhhhggHhhhIIIIIhhhhhhhhhhhhipYzzzzzzzzzzzzzzzzzYz
zzzzzzzzzzzzzzzzznhIhhhhhggIhhhhhhHghhhhIIIIhhhhhhhhhhhhHGGLLkLltzzzzzzzzzzzzuNtz
zzzzzzzzzzzzzzzzzjIIhhhhhHIhhhhhhhhhhIIiiIhhhhhhhhhhhhHGghhhhIpYzzzzzzzzzzzWNllzz
zzzzzzzzzzzzzzzzzgIIhhhhHlmIhhhhhhhIIiiiIhhhhhhhhhhhHgHhhhHKrZzzzzzzzzzzzZpKLKuzz
zzzzzzzzzzzzzzzzzfIiIhhHNOpphhhhIiiHiiiiIhhhhhhhhhhhhhhhhgJmMMMMMNOvwwzzvLkkkPzzz
zzzzzzzzzzzzzzzzzghHiIhGQclQjhhIiIjjIiiIhhhhhhhhhhhhhhhhhhhhhhhhmsySJVZpKkkkkZzzz
zzzzzzzzzzzzzzzzziiHIiIhMqSrhhhIIlnniiIhhhhhhhhhhIIiJJJJJJJiHjouvyOKJvlkkkkKvzzzz
zzzzzzzzzzzzzzzzzOIHnKHhhJMiHhhGHmNNmghhhHhhIIIiJjKKKKKKKJiijKjMSMkkIKkkkkKrzXRMx
zzzzzzzzzzzzzzzzzVihmNfeHGhhfhHiILoPnHhjSNIJjjKKkkkkkkkkjKKKKoTXMkkjikkkkkmvOKKUz
zzzzzzzzzzzzzzzzzzkkJOlLKGiJIIImoQpNJJRurxmkjkkkJikkkKKKKKJhjInKkkkhkkkkkILKkjszz
zzzzzzzzzZrUzzzztMiIJJLljKKkkKkKJJjkQXyywTUJIKkkkjHKKKKKjjjKQxNkkkKIkkkkJjkkKTzzz
zzzzzzzzuLKszzuMKkkIjhnmKjkkkKjLNQUSxYYYxwSJKhkkkkkhJKjjjkUZzRKkkkIkkkkjikKKVzzzz
zzzzzzzRjkiXXnjkkkkKkKkuXqVUuUSYYYxXRvvuTSrhKhKLLLLLiIjjjJuNPJKKKKJKKKjiKKkRPnzzz
zzzzzZnKkkkRKkkkkkjsxMJJmrottUSQtssSSnqrRMOJKjHkkkkkkJhjjjiKlhjjKKKKKjIKJhJjozzzz
zzzzznKKKjhkkkkkkilMKkkKjjmmqqRpORRqqQNnNlIJjjgkkkkkkkjhjjJikiIjjjjjjJjjJjJszzzzz
zuZzqJKKIJkkkkkkjjkkkLyZPJjiiLNonlOOOOOLhmMiijJIkkkkkkkjhkJikkhJjjjjjjjjjMXzzzzzz
zkOYijjJjKKKKKkKKKKkLYzzzXOJjjJiJjijJJijIkLLJhjHkkkkkkkkjKMikkkHmNmlkjjjRzzzzzzzz
ziJLjjjjjjjjjKKKKKKHnOzzzzzwPjjjjjjjjjjjjhkkkKhjjkkkkkkkkJiJkkkKkoooOMQxzzzzzzzzz
yhKiKKjKKKKKKKjjjjjjLyzzzzzzzysNjjjjKklMMhkkkkkiHkkkkkkkkkiIkkkkJQtuWyzzzzzzzzzzz
ziKKKKKKklmNmLKKKjjoZzzzzzzzzzzzYtPlNOoooikkkkkkJJkkkkkkkkkiJkkkkLzzzwWzzzzzzzzzz
zOlMmmmNNnOooOnmLMVzzzzzzzzzzzzzzzzzXuTRPLjkkkkkkjKkkkkkkkkkIjkkkKqzWKPzzzzzzzzzz
zXOOoooooooooOPRuZzzzzzzzzzzzzzzzzzzzzzzzZKkkkkkkkkkkkkkkkkkkIkkkkJwkkmzzzzzzzzzz
zzzYwvVVVVvwXyzzzzzzzzzzzzzzzzzzzzzzzzzzzzRKkKKKkkkkkkkkkkkkkKjkkkkhkKkzzzzzzzzzz
zzzzzzzzzzzzzzzzzzzzzzzzzzzzzzzzzzzzzzzzzzZjKKKkkkkkkkkkkkkkkkkkkkKKKKizzzzzzzzzz
zzzzzzzzzzzzzzzzzzzzzzzzzzzzzzzzzzzzzzzzzuSojKKKKKKKKKKkkKKKKKKKKKKKKKIZzzzzzzzzz
zzzzzzzzzzzzzzzzzzzzzzzzzzzzzzzzzzzzzzzzzyjJhijjjKKKKKKkkLLLkkKKKKKjjjiYzzzzzzzzz
zzzzzzzzzzzzzzzzzzzzzzzzzzzzzzzzzzzzzzzzzzWJKjjKKKkkLlMmmnOnNmMlLkkKKKjYzzzzzzzzz
zzzzzzzzzzzzzzzzzzzzzzzzzzzzzzzzzzzzzzzzzzzvKKkkLLlmNnnOooooooOnnNMlkKLZzzzzzzzzz
zzzzzzzzzzzzzzzzzzzzzzzzzzzzzzzzzzzzzzzzzzzzXnlmnnnnOOoooooooooooooOmluzzzzzzzzzz
zzzzzzzzzzzzzzzzzzzzzzzzzzzzzzzzzzzzzzzzzzzzzzVRoOooooooooooooooooPrUyzzzzzzzzzzz
zzzzzzzzzzzzzzzzzzzzzzzzzzzzzzzzzzzzzzzzzzzzzzzzzXVtSRQpPoopQRstvxzzzzzzzzzzzzzzz
255 255 255
255 255 255
255 255 255
255 255 255
255 255 255
255 255 255
255 255 255
255 255 255
255 255 255
255 255 255
255 255 255
255 255 255
255 255 255
255 255 255
255 255 255
255 255 255
255 255 255
255 255 255
255 255 255
255 255 255
255 255 255
255 255 255
255 255 255
255 255 255
255 255 255
255 255 255
255 255 255
255 255 255
255 255 255
254 254 254
240 239 239
172 165 168
255 255 255
255 255 255
255 255 255
255 255 255
255 255 255
255 255 255
255 255 255
255 255 255
255 255 255
255 255 255
255 255 255
255 255 255
255 255 255
255 255 255
255 255 255
255 255 255
255 255 255
255 255 255
255 255 255
255 255 255
255 255 255
255 255 255
255 255 255
255 255 255
255 255 255
255 255 255
255 255 255
255 255 255
255 255 255
255 255 255
255 255 255
255 255 255
255 255 255
255 255 255
255 255 255
255 255 255
255 255 255
255 255 255
255 255 255
255 255 255
255 255 255
255 255 255
255 255 255
255 255 255
255 255 255
255 255 255
255 255 255
255 255 255
255 255 255
255 255 255
255 255 255
255 255 255
255 255 255
255 255 255
255 255 255
255 255 255
255 255 255
255 255 255
255 255 255
255 255 255
255 255 255
255 255 255
255 255 255
255 255 255
255 255 255
255 255 255
255 255 255
255 255 255
255 255 255
255 255 255
255 255 255
255 255 255
255 255 255
255 255 255
255 255 255
255 255 255
255 255 255
254 254 254
187 182 184
113 77 98
112 89 102
255 255 255
255 255 255
255 255 255
255 255 255
255 255 255
255 255 255
255 255 255
255 255 255
255 255 255
255 255 255
255 255 255
255 255 255
255 255 255
255 255 255
255 255 255
255 255 255
255 255 255
255 255 255
255 255 255
255 255 255
255 255 255
255 255 255
255 255 255
255 255 255
255 255 255
255 255 255
255 255 255
255 255 255
255 255 255
255 255 255
255 255 255
255 255 255
255 255 255
255 255 255
255 255 255
255 255 255
255 255 255
255 255 255
255 255 255
255 255 255
255 255 255
255 255 255
255 255 255
255 255 255
255 255 255
255 255 255
255 255 255
255 255 255
255 255 255
255 255 255
255 255 255
255 255 255
255 255 255
255 255 255
255 255 255
255 255 255
255 255 255
255 255 255
255 255 255
255 255 255
255 255 255
255 255 255
255 255 255
255 255 255
255 255 255
255 255 255
255 255 255
255 255 255
255 255 255
255 255 255
255 255 255
255 255 255
255 255 255
255 255 255
255 255 255
254 254 254
241 241 240
133 125 134
90 65 90
92 68 94
123 113 122
255 255 255
255 255 255
255 255 255
255 255 255
255 255 255
255 255 255
255 255 255
255 255 255
255 255 255
255 255 255
255 255 255
255 255 255
255 255 255
255 255 255
255 255 255
255 255 255
255 255 255
255 255 255
255 255 255
255 255 255
255 255 255
255 255 255
255 255 255
255 255 255
255 255 255
255 255 255
255 255 255
255 255 255
255 255 255
255 255 255
255 255 255
255 255 255
255 255 255
255 255 255
255 255 255
255 255 255
255 255 255
255 255 255
255 255 255
255 255 255
255 255 255
255 255 255
255 255 255
255 255 255
255 255 255
255 255 255
255 255 255
255 255 255
255 255 255
255 255 255
255 255 255
255 255 255
255 255 255
255 255 255
255 255 255
255 255 255
255 255 255
255 255 255
255 255 255
255 255 255
255 255 255
255 255 255
255 255 255
255 255 255
255 255 255
255 255 255
255 255 255
255 255 255
255 255 255
255 255 255
255 255 255
255 255 255
255 255 255
255 255 255
254 254 254
214 213 214
88 80 96
77 66 91
77 66 91
77 66 90
147 145 149
255 255 255
255 255 255
255 255 255
255 255 255
255 255 255
255 255 255
255 255 255
255 255 255
255 255 255
255 255 255
255 255 255
255 255 255
255 255 255
255 255 255
255 255 255
255 255 255
255 255 255
255 255 255
255 255 255
255 255 255
255 255 255
255 255 255
255 255 255
255 255 255
255 255 255
255 255 255
255 255 255
255 255 255
255 255 255
255 255 255
255 255 255
255 255 255
255 255 255
255 255 255
255 255 255
255 255 255
255 255 255
255 255 255
255 255 255
255 255 255
255 255 255
255 255 255
255 255 255
255 255 255
255 255 255
255 255 255
255 255 255
255 255 255
255 255 255
255 255 255
255 255 255
255 255 255
255 255 255
255 255 255
255 255 255
255 255 255
255 255 255
255 255 255
255 255 255
255 255 255
255 255 255
255 255 255
255 255 255
255 255 255
255 255 255
255 255 255
255 255 255
255 255 255
255 255 255
255 255 255
255 255 255
255 255 255
255 255 255
254 254 254
186 184 186
75 66 85
75 65 90
74 66 90
74 66 90
75 65 90
169 168 169
255 255 255
255 255 255
255 255 255
255 255 255
255 255 255
255 255 255
255 255 255
255 255 255
255 255 255
255 255 255
255 255 255
255 255 255
255 255 255
255 255 255
255 255 255
255 255 255
255 255 255
255 255 255
255 255 255
255 255 255
255 255 255
255 255 255
255 255 255
255 255 255
255 255 255
255 255 255
255 255 255
255 255 255
255 255 255
255 255 255
255 255 255
255 255 255
255 255 255
255 255 255
255 255 255
255 255 255
255 255 255
255 255 255
255 255 255
255 255 255
255 255 255
255 255 255
255 255 255
255 255 255
255 255 255
255 255 255
255 255 255
255 255 255
255 255 255
255 255 255
255 255 255
255 255 255
255 255 255
255 255 255
255 255 255
255 255 255
255 255 255
255 255 255
255 255 255
255 255 255
255 255 255
255 255 255
255 255 255
255 255 255
255 255 255
255 255 255
255 255 255
255 255 255
255 255 255
255 255 255
255 255 255
255 255 255
255 255 255
164 161 166
76 61 83
75 65 89
73 65 89
73 65 89
73 65 89
70 62 84
201 200 201
255 255 255
255 255 255
255 255 255
255 255 255
255 255 255
255 255 255
255 255 255
255 255 255
255 255 255
255 255 255
255 255 255
255 255 255
255 255 255
255 255 255
255 255 255
255 255 255
255 255 255
255 255 255
255 255 255
255 255 255
255 255 255
255 255 255
255 255 255
255 255 255
255 255 255
255 255 255
255 255 255
255 255 255
255 255 255
255 255 255
255 255 255
255 255 255
255 255 255
255 255 255
255 255 255
255 255 255
255 255 255
255 255 255
255 255 255
255 255 255
255 255 255
255 255 255
255 255 255
255 255 255
255 255 255
255 255 255
255 255 255
255 255 255
255 255 255
255 255 255
255 255 255
255 255 255
255 255 255
255 255 255
255 255 255
255 255 255
255 255 255
255 255 255
255 255 255
255 255 255
255 255 255
255 255 255
255 255 255
255 255 255
255 255 255
255 255 255
255 255 255
255 255 255
255 255 255
255 255 255
254 254 254
254 254 254
141 138 144
82 64 87
76 65 89
72 64 89
73 65 89
73 65 89
72 64 88
57 51 69
233 233 232
255 255 255
255 255 255
255 255 255
255 255 255
255 255 255
255 255 255
255 255 255
255 255 255
255 255 255
255 255 255
254 254 254
254 254 254
249 248 248
251 251 251
255 255 255
255 255 255
255 255 255
255 255 255
255 255 255
255 255 255
255 255 255
255 255 255
255 255 255
255 255 255
255 255 255
255 255 255
255 255 255
255 255 255
255 255 255
255 255 255
255 255 255
255 255 255
255 255 255
255 255 255
254 254 254
254 254 254
254 254 254
249 249 248
219 219 219
195 190 193
180 168 176
167 149 159
159 138 151
145 119 134
132 116 125
226 226 226
254 254 254
255 255 255
255 255 255
255 255 255
255 255 255
255 255 255
255 255 255
255 255 255
255 255 255
255 255 255
255 255 255
255 255 255
255 255 255
255 255 255
255 255 255
255 255 255
255 255 255
255 255 255
255 255 255
255 255 255
255 255 255
255 255 255
255 255 255
255 255 255
254 254 254
142 137 144
82 64 87
78 65 89
73 64 88
73 65 88
73 65 88
73 65 88
72 64 88
68 63 78
253 253 253
255 255 255
255 255 255
255 255 255
255 255 255
255 255 255
255 255 255
255 255 255
255 255 255
253 253 253
214 212 213
172 159 167
132 108 124
92 73 86
245 245 245
255 255 255
255 255 255
255 255 255
255 255 255
255 255 255
255 255 255
255 255 255
255 255 255
255 255 255
255 255 255
255 255 255
255 255 255
255 255 255
255 255 255
255 255 255
255 255 255
253 253 253
229 228 228
196 195 197
168 165 171
138 132 143
109 103 117
87 78 95
69 58 79
80 65 90
85 67 92
99 70 96
114 72 99
114 78 99
168 157 163
248 248 248
254 254 254
255 255 255
255 255 255
255 255 255
255 255 255
255 255 255
255 255 255
255 255 255
255 255 255
255 255 255
255 255 255
255 255 255
255 255 255
255 255 255
255 255 255
255 255 255
255 255 255
255 255 255
255 255 255
255 255 255
255 255 255
255 255 255
255 255 255
255 255 255
254 254 254
158 154 158
85 63 87
78 65 90
73 65 88
73 65 88
73 65 88
73 65 88
73 65 89
73 64 88
100 95 107
254 254 254
255 255 255
255 255 255
255 255 255
255 255 255
254 254 254
254 254 254
210 208 209
162 146 156
114 86 104
108 69 95
110 71 97
98 66 89
196 193 194
254 254 254
255 255 255
255 255 255
255 255 255
255 255 255
255 255 255
255 255 255
255 255 255
255 255 255
254 254 254
254 254 254
254 254 254
239 239 239
199 198 200
166 163 170
136 132 143
102 96 111
73 65 84
73 63 86
76 65 91
76 65 90
75 65 90
75 66 90
75 65 90
75 65 89
74 65 89
80 65 90
93 71 93
165 155 162
243 243 243
255 255 255
255 255 255
255 255 255
255 255 255
255 255 255
255 255 255
255 255 255
255 255 255
255 255 255
255 255 255
255 255 255
255 255 255
255 255 255
255 255 255
255 255 255
255 255 255
255 255 255
255 255 255
255 255 255
255 255 255
255 255 255
255 255 255
255 255 255
255 255 255
255 255 255
255 255 255
195 192 195
85 63 86
80 66 91
73 65 89
73 65 89
73 65 89
73 65 89
73 65 89
73 65 89
72 64 88
130 127 134
254 254 254
255 255 255
255 255 255
254 254 254
237 237 237
174 161 170
118 91 109
104 68 94
99 69 95
89 68 93
84 67 92
76 62 84
178 175 178
254 254 254
254 254 254
253 253 253
228 227 228
202 196 199
179 172 176
251 251 251
255 255 255
249 249 249
203 202 203
167 165 171
131 127 138
92 86 102
70 62 84
75 65 90
79 66 91
80 66 91
79 66 90
77 66 90
75 65 89
73 65 89
73 65 88
73 65 88
73 65 88
72 64 88
72 64 87
78 71 89
158 152 159
239 238 239
254 254 254
255 255 255
255 255 255
255 255 255
255 255 255
255 255 255
255 255 255
255 255 255
255 255 255
255 255 255
255 255 255
255 255 255
255 255 255
255 255 255
255 255 255
255 255 255
255 255 255
255 255 255
255 255 255
255 255 255
255 255 255
255 255 255
255 255 255
255 255 255
255 255 255
255 255 255
254 254 254
216 216 216
91 71 90
84 66 91
74 65 89
73 65 89
73 65 89
74 65 89
74 65 89
74 65 89
74 65 90
74 65 89
153 150 154
255 255 255
254 254 254
218 216 218
145 130 142
103 70 94
103 70 96
90 68 93
80 66 92
76 66 90
77 65 91
69 59 80
147 145 148
175 172 178
134 131 141
102 96 112
74 65 85
78 64 89
74 58 77
132 127 133
138 135 145
102 97 112
69 62 81
73 65 89
77 66 90
81 66 91
80 66 90
81 66 90
81 66 90
77 65 89
73 64 88
72 65 88
73 65 88
73 65 88
73 65 88
73 65 88
72 64 87
71 63 86
89 83 98
169 167 171
245 245 245
255 255 255
255 255 255
255 255 255
255 255 255
255 255 255
255 255 255
255 255 255
255 255 255
255 255 255
255 255 255
255 255 255
255 255 255
255 255 255
255 255 255
255 255 255
255 255 255
255 255 255
255 255 255
255 255 255
255 255 255
255 255 255
255 255 255
255 255 255
255 255 255
255 255 255
255 255 255
255 255 255
255 255 255
254 254 254
115 106 117
88 68 93
76 66 90
75 65 90
75 65 89
74 66 90
75 66 90
76 66 90
76 66 90
76 66 90
76 66 90
157 155 158
214 214 214
128 117 129
98 68 92
99 70 96
86 68 92
76 66 91
75 66 91
75 66 91
75 66 91
67 59 80
58 52 70
73 65 88
74 66 90
70 62 85
64 57 77
64 56 77
63 56 75
69 62 84
73 65 88
75 65 89
78 66 90
78 65 90
78 65 89
77 65 89
74 65 89
73 64 88
72 64 88
72 64 88
73 65 88
73 65 88
73 65 88
73 65 88
73 65 88
73 65 88
69 61 84
104 100 113
184 182 185
253 253 252
254 254 254
255 255 255
255 255 255
255 255 255
255 255 255
255 255 255
255 255 255
255 255 255
255 255 255
255 255 255
255 255 255
255 255 255
255 255 255
255 255 255
255 255 255
255 255 255
255 255 255
255 255 255
255 255 255
255 255 255
255 255 255
255 255 255
255 255 255
255 255 255
255 255 255
255 255 255
255 255 255
255 255 255
255 255 255
254 254 254
188 187 188
74 62 85
80 66 91
75 66 90
75 66 90
75 66 90
75 66 90
75 66 90
75 66 90
75 66 90
74 66 90
70 62 85
73 68 79
72 62 85
87 67 92
86 67 92
76 65 90
73 65 89
73 65 89
73 65 89
73 65 89
71 63 87
64 56 77
66 58 80
63 56 76
63 55 75
66 59 80
73 65 89
73 64 88
74 65 88
80 65 90
81 66 90
80 65 89
74 64 88
73 65 89
73 65 88
73 65 88
73 65 89
73 65 88
73 65 89
73 65 89
73 65 89
73 65 89
73 65 89
73 65 89
69 62 84
117 113 125
205 204 205
254 254 254
255 255 255
255 255 255
255 255 255
255 255 255
255 255 255
255 255 255
255 255 255
255 255 255
255 255 255
255 255 255
255 255 255
255 255 255
255 255 255
255 255 255
255 255 255
255 255 255
255 255 255
255 255 255
255 255 255
255 255 255
255 255 255
255 255 255
255 255 255
255 255 255
255 255 255
255 255 255
255 255 255
255 255 255
255 255 255
255 255 255
255 255 255
254 254 253
90 86 97
82 66 92
76 65 90
74 66 90
74 66 90
74 66 90
73 65 89
73 65 89
73 65 89
73 65 89
58 51 70
63 56 76
75 65 89
79 66 89
76 65 89
73 65 88
73 65 89
73 65 89
73 65 89
73 64 88
68 60 82
63 55 76
63 56 77
70 62 84
73 65 88
72 64 88
73 64 88
76 65 89
82 66 91
89 67 92
81 66 91
75 65 90
74 65 89
74 65 89
74 66 90
74 65 90
75 65 90
75 65 90
74 66 90
74 66 90
74 66 90
74 66 90
74 66 90
72 64 84
136 133 142
220 219 220
254 254 254
254 254 254
255 255 255
255 255 255
255 255 255
255 255 255
255 255 255
255 255 255
255 255 255
255 255 255
255 255 255
255 255 255
255 255 255
255 255 255
255 255 255
255 255 255
255 255 255
255 255 255
255 255 255
255 255 255
255 255 255
255 255 255
255 255 255
255 255 255
255 255 255
255 255 255
255 255 255
255 255 255
255 255 255
255 255 255
255 255 255
255 255 255
255 255 255
255 255 255
202 202 201
67 57 78
81 66 91
73 65 88
72 64 88
73 65 89
73 65 89
73 65 89
73 65 88
67 59 82
58 51 70
73 63 86
74 64 89
74 65 89
73 64 88
73 65 89
73 65 89
73 65 89
73 65 88
64 57 78
63 55 75
67 59 82
73 65 89
73 65 89
74 65 89
78 66 91
80 66 91
81 66 92
80 66 92
79 66 91
76 66 90
75 65 90
75 66 90
75 66 90
75 66 91
75 66 91
75 66 91
75 67 91
74 66 90
74 66 90
74 66 90
73 65 89
83 76 94
155 152 159
235 235 235
253 253 253
254 254 254
254 254 254
254 254 254
255 255 255
255 255 255
255 255 255
255 255 255
255 255 255
255 255 255
255 255 255
255 255 255
255 255 255
255 255 255
255 255 255
254 254 254
253 253 253
237 236 236
255 255 255
255 255 255
255 255 255
255 255 255
255 255 255
255 255 255
255 255 255
255 255 255
255 255 255
255 255 255
255 255 255
255 255 255
255 255 255
255 255 255
255 255 255
255 255 255
255 255 255
254 254 254
135 133 137
77 65 90
79 66 90
73 65 88
73 65 89
73 65 89
73 65 89
73 65 89
64 56 77
66 57 79
80 66 91
74 66 89
73 65 90
73 65 89
73 65 89
74 66 90
73 65 90
66 58 80
65 57 78
72 64 87
74 66 90
74 66 90
76 66 91
80 66 91
85 67 92
83 67 92
79 66 91
77 66 91
75 66 90
75 66 91
75 66 90
75 66 91
75 66 90
74 66 90
75 66 91
74 66 90
74 66 90
74 66 89
74 65 89
70 62 84
61 54 74
59 53 70
111 106 120
109 104 118
106 98 114
115 101 118
125 106 119
196 192 194
254 254 254
255 255 255
255 255 255
255 255 255
255 255 255
255 255 255
255 255 255
255 255 255
255 255 255
255 255 255
255 255 255
253 253 253
204 198 202
142 109 132
192 190 192
255 255 255
255 255 255
255 255 255
255 255 255
255 255 255
255 255 255
255 255 255
255 255 255
255 255 255
255 255 255
255 255 255
255 255 255
255 255 255
255 255 255
255 255 255
255 255 255
255 255 255
253 253 253
93 88 100
81 67 92
80 66 91
75 66 90
74 66 90
74 66 90
74 66 90
74 65 89
70 62 85
82 67 92
76 66 90
74 66 90
74 66 90
74 66 90
74 66 90
74 66 90
73 65 89
74 65 89
74 65 90
76 66 90
78 66 90
84 67 92
90 68 94
91 68 93
81 66 91
75 66 90
74 66 90
74 66 90
74 66 90
74 65 89
74 65 89
74 66 90
74 66 90
74 66 90
75 65 90
74 66 90
74 66 90
67 60 81
62 54 74
65 58 79
74 66 90
74 65 89
74 65 89
73 65 89
79 73 91
154 150 157
236 236 236
255 255 255
255 255 255
255 255 255
255 255 255
255 255 255
255 255 255
255 255 255
255 255 255
255 255 255
255 255 255
254 254 254
220 219 220
133 118 136
123 92 130
122 103 124
253 253 253
255 255 255
255 255 255
255 255 255
255 255 255
255 255 255
255 255 255
255 255 255
255 255 255
255 255 255
255 255 255
255 255 255
255 255 255
255 255 255
255 255 255
255 255 255
255 255 255
255 255 255
253 253 253
63 57 72
84 67 92
82 67 92
75 66 91
75 66 90
74 66 90
74 66 90
76 67 73
154 135 52
169 146 51
97 84 63
74 66 90
74 65 90
75 65 90
75 65 90
74 66 90
75 65 90
76 66 91
78 66 91
85 67 92
93 68 94
94 69 94
93 68 94
83 67 91
75 66 90
74 66 90
74 66 90
75 65 90
75 66 90
75 66 90
75 66 91
76 66 90
75 65 90
75 65 90
75 65 90
69 62 84
64 56 77
69 62 84
74 66 90
74 65 90
74 65 89
70 62 84
101 95 109
175 174 177
248 248 248
254 254 254
255 255 255
255 255 255
255 255 255
255 255 255
255 255 255
255 255 255
255 255 255
255 255 255
255 255 255
255 255 255
246 246 246
154 150 159
98 84 116
105 90 129
96 83 117
205 203 205
254 254 254
255 255 255
255 255 255
255 255 255
255 255 255
255 255 255
255 255 255
255 255 255
255 255 255
255 255 255
255 255 255
255 255 255
255 255 255
255 255 255
255 255 255
255 255 255
255 255 255
255 255 255
251 251 251
56 48 65
80 66 91
89 68 94
79 66 91
75 66 90
74 66 91
67 59 80
188 164 42
199 173 42
225 195 47
219 191 45
85 74 66
74 66 90
74 67 91
75 66 91
79 67 91
88 68 93
93 68 93
79 58 79
95 68 93
96 69 93
94 69 93
89 68 93
80 66 91
75 66 91
75 66 91
75 66 91
75 66 90
74 66 90
74 66 90
75 65 90
74 66 90
74 66 90
74 66 90
74 66 90
74 66 90
74 66 89
74 66 89
74 65 89
74 65 89
62 55 74
89 83 96
123 118 130
120 115 128
118 113 126
118 113 126
116 111 124
117 112 125
132 122 135
145 132 140
212 211 211
224 224 225
224 224 224
254 254 254
254 254 254
211 210 212
108 100 123
101 89 127
102 90 128
102 89 127
147 143 152
254 254 254
255 255 255
255 255 255
255 255 255
255 255 255
255 255 255
255 255 255
255 255 255
255 255 255
255 255 255
255 255 255
255 255 255
255 255 255
255 255 255
255 255 255
255 255 255
255 255 255
255 255 255
255 255 255
253 253 253
71 58 73
85 62 85
79 57 79
97 69 95
86 67 92
75 67 90
63 55 68
228 198 52
37 31 10
163 140 40
228 196 55
124 107 55
75 66 91
75 66 91
78 66 91
92 69 93
90 64 86
139 75 72
139 74 69
90 64 87
94 69 94
91 69 95
83 67 92
77 66 91
75 66 90
74 65 90
74 66 90
74 65 90
74 65 90
73 65 89
73 65 89
73 65 89
73 65 88
73 65 88
73 65 89
73 65 89
74 65 89
74 66 90
75 65 90
75 66 90
75 65 90
75 66 91
75 66 91
76 66 91
75 65 90
75 66 90
73 65 86
122 117 129
182 179 183
242 242 242
178 176 181
87 77 105
208 208 208
247 247 247
154 151 161
94 83 116
100 88 127
100 88 126
100 88 126
104 96 118
247 247 247
254 254 254
255 255 255
255 255 255
255 255 255
255 255 255
255 255 255
255 255 255
255 255 255
255 255 255
255 255 255
255 255 255
255 255 255
255 255 255
255 255 255
255 255 255
255 255 255
255 255 255
255 255 255
255 255 255
253 254 254
89 80 92
91 68 94
79 55 74
109 65 73
96 68 94
80 67 92
73 64 88
150 115 90
210 156 129
229 166 134
223 161 132
81 66 76
74 65 90
75 65 90
82 67 92
92 63 82
172 89 76
209 106 87
208 105 87
127 69 66
92 67 93
82 66 92
76 65 90
73 65 89
73 65 89
73 65 89
73 65 89
73 65 89
73 65 89
73 65 89
74 65 90
74 66 90
77 67 92
81 70 97
84 72 101
86 75 104
87 76 105
87 76 107
87 76 106
88 77 108
87 76 107
86 75 105
85 74 104
68 59 82
97 90 103
145 140 144
206 201 203
214 211 212
241 241 241
139 136 147
95 83 118
89 81 105
215 214 215
112 104 126
99 87 124
100 88 124
100 88 124
99 87 124
96 85 116
214 214 215
254 254 254
254 254 254
253 253 253
251 251 251
255 255 255
255 255 255
255 255 255
255 255 255
255 255 255
255 255 255
255 255 255
255 255 255
255 255 255
255 255 255
255 255 255
255 255 255
255 255 255
255 255 255
255 255 255
255 255 255
254 254 254
138 135 140
80 67 94
87 57 72
208 105 88
149 80 74
79 58 79
77 66 90
71 63 85
105 82 86
142 107 104
90 74 86
67 59 80
74 66 90
74 66 90
65 52 70
111 57 50
192 97 81
203 103 86
203 103 86
195 99 86
68 52 72
75 65 89
71 63 87
76 70 79
67 60 81
74 66 91
75 67 91
76 67 92
76 68 93
79 69 95
84 73 102
89 77 109
92 81 114
94 83 117
95 83 118
95 83 118
95 84 118
97 85 121
98 86 122
97 85 121
89 75 105
100 67 93
114 58 78
137 63 84
143 66 88
137 63 84
148 100 114
183 173 175
119 114 130
98 87 123
99 87 123
78 71 90
95 84 117
100 88 125
100 88 124
100 88 124
100 88 124
96 85 121
172 170 175
255 255 255
229 229 230
175 162 176
131 103 122
233 233 233
255 255 255
255 255 255
255 255 255
255 255 255
255 255 255
255 255 255
255 255 255
255 255 255
255 255 255
255 255 255
255 255 255
255 255 255
255 255 255
255 255 255
255 255 255
255 255 255
255 255 255
207 206 206
83 72 102
79 62 86
193 98 81
203 103 85
86 44 38
58 40 48
70 61 83
59 52 70
73 65 89
73 65 88
57 50 68
73 65 88
72 58 76
129 67 58
122 62 54
163 83 77
211 109 108
217 113 122
187 99 110
68 59 81
74 65 90
94 88 96
185 179 177
134 129 132
80 70 97
88 77 108
89 78 111
93 82 116
96 84 120
98 86 122
98 86 123
99 87 124
99 87 124
99 87 124
99 87 125
100 88 124
101 87 123
105 85 120
113 73 101
136 70 94
143 66 89
142 65 88
131 74 91
163 134 142
192 188 189
228 228 228
118 111 130
100 87 125
99 87 125
90 79 113
84 73 105
100 88 126
100 88 126
100 88 126
101 89 127
101 89 127
125 120 134
211 210 212
135 129 146
97 86 120
99 83 116
198 193 197
255 255 255
255 255 255
255 255 255
255 255 255
255 255 255
255 255 255
255 255 255
255 255 255
255 255 255
255 255 255
255 255 255
255 255 255
255 255 255
255 255 255
255 255 255
255 255 255
255 255 255
255 255 255
253 253 253
106 100 116
98 87 123
111 71 82
207 107 108
169 88 91
162 84 86
149 78 77
60 53 73
80 71 99
89 78 109
80 70 98
79 69 96
101 65 74
180 96 100
204 108 123
220 119 135
216 115 130
174 96 114
98 73 98
89 81 104
168 166 173
203 203 205
173 173 175
232 233 236
122 118 133
99 88 125
89 78 111
100 88 125
100 88 125
100 88 126
88 77 110
81 71 101
100 87 124
102 86 122
110 83 115
121 77 106
131 73 99
137 69 93
142 66 88
143 66 88
132 59 79
119 48 65
144 61 78
126 49 63
155 122 128
98 92 110
100 88 125
100 88 125
100 88 126
75 65 92
101 89 127
100 88 126
101 89 127
101 89 127
101 89 127
77 67 96
107 98 121
98 85 122
103 90 128
94 82 116
182 180 184
254 254 254
255 255 255
255 255 255
255 255 255
255 255 255
255 255 255
255 255 255
255 255 255
255 255 255
255 255 255
254 254 254
249 249 248
172 169 178
200 199 200
255 255 255
255 255 255
254 254 254
254 254 253
196 194 197
117 110 130
81 71 101
78 68 96
86 76 107
95 76 105
132 88 112
140 90 115
99 79 108
98 86 122
95 84 119
99 87 123
98 86 123
95 83 119
99 87 123
98 86 122
89 78 110
92 77 107
90 78 111
101 92 119
157 154 166
226 227 231
239 240 244
238 239 243
221 222 225
187 188 190
197 198 201
89 77 110
78 67 95
96 84 120
98 86 123
99 87 123
99 87 123
93 82 116
74 60 84
122 73 100
136 70 93
143 66 88
143 66 87
145 64 86
149 60 82
154 56 77
158 52 73
147 67 82
180 147 153
235 234 234
130 125 137
101 89 127
102 89 127
102 89 128
98 85 122
80 69 97
104 90 128
104 90 128
104 89 128
104 89 128
90 77 110
91 78 110
108 88 125
111 86 122
102 82 112
187 185 189
254 254 254
255 255 255
255 255 255
255 255 255
255 255 255
255 255 255
255 255 255
255 255 255
255 255 255
255 255 255
255 255 255
204 203 205
109 100 125
98 86 122
183 182 182
255 255 255
253 254 254
204 203 205
117 109 130
95 84 119
99 87 123
99 88 124
77 67 95
91 80 114
74 65 90
134 130 144
122 116 138
97 88 117
90 79 113
98 86 124
100 88 125
99 87 125
94 83 118
90 79 110
108 100 126
129 123 144
158 154 169
197 196 202
178 179 181
230 230 234
234 235 238
234 234 237
235 234 237
235 232 235
225 221 223
184 178 179
96 74 95
121 77 105
78 60 83
99 87 123
99 87 123
99 87 125
99 87 125
99 87 125
81 58 82
132 60 80
149 62 84
157 56 78
161 52 74
162 51 73
149 79 93
207 192 195
245 245 245
254 254 254
173 163 167
123 74 101
125 79 109
123 81 111
116 84 116
84 64 89
111 86 121
110 86 120
110 85 120
111 84 118
105 78 109
98 67 93
123 78 106
131 74 101
124 82 100
211 207 209
254 254 254
255 255 255
255 255 255
255 255 255
255 255 255
255 255 255
255 255 255
255 255 255
255 255 255
254 254 254
253 253 252
166 162 170
93 83 115
99 87 125
82 72 103
227 227 226
228 228 228
134 129 143
93 81 115
99 87 123
99 87 124
100 88 124
99 87 124
94 83 118
106 100 113
106 79 111
114 90 111
209 197 199
234 225 226
167 160 161
213 206 207
202 198 200
204 201 203
200 197 200
180 179 182
236 236 240
236 235 239
236 235 238
236 232 234
237 224 225
182 164 163
228 204 201
236 201 198
235 186 183
233 169 165
232 156 151
231 150 145
107 52 67
145 66 90
107 51 68
97 84 120
104 90 129
104 91 128
105 90 129
105 90 129
106 91 129
90 69 98
135 45 64
163 51 73
163 52 73
163 51 73
145 52 70
205 199 200
141 118 133
153 142 149
127 64 81
144 67 90
140 70 94
137 72 96
135 70 94
121 63 85
137 71 96
137 72 96
137 72 96
130 68 90
113 59 79
137 72 96
133 69 93
121 92 102
177 163 168
165 135 146
142 130 134
253 253 254
255 255 255
255 255 255
255 255 255
255 255 255
255 255 255
255 255 255
255 255 255
250 250 249
142 124 135
106 83 117
103 87 123
101 88 125
101 94 114
168 165 173
95 86 115
100 88 125
100 88 125
100 88 125
100 88 126
100 88 126
93 83 115
182 180 184
235 234 235
125 113 123
128 61 82
128 60 80
164 103 104
221 150 144
182 129 126
234 173 169
234 178 173
235 181 176
216 161 156
190 146 143
235 175 171
234 163 158
234 159 153
233 155 150
233 152 147
178 113 109
220 139 134
236 149 143
226 141 135
157 98 99
198 111 108
141 53 73
157 58 79
156 57 78
79 57 81
104 90 128
103 90 128
103 90 128
102 89 128
102 90 128
102 90 127
90 75 107
124 45 64
161 51 72
161 51 73
161 51 72
135 55 71
116 81 110
131 89 125
118 49 67
155 57 78
155 58 79
152 61 81
151 61 83
150 61 83
149 62 84
150 61 83
148 60 82
125 49 68
152 61 83
132 58 78
116 50 67
138 59 80
136 62 84
154 135 141
252 252 252
254 254 254
255 255 255
255 255 255
255 255 255
255 255 255
255 255 255
255 255 255
253 253 253
154 123 130
147 67 90
146 67 91
136 72 98
109 73 99
80 62 85
102 87 123
101 87 125
100 87 125
100 88 125
100 88 126
100 88 127
81 71 101
114 108 126
115 107 132
94 83 118
100 88 126
110 100 111
136 78 92
151 59 79
144 65 78
175 97 99
176 102 100
229 132 128
233 134 130
233 136 132
218 125 123
194 113 109
234 136 132
235 135 131
236 132 129
236 128 126
235 121 119
195 93 93
205 97 98
206 93 93
138 88 123
108 56 76
155 49 70
162 52 73
161 51 73
102 41 57
101 89 127
102 90 128
102 89 128
103 90 128
102 89 128
102 89 128
103 90 128
92 80 114
115 45 65
162 52 73
162 51 73
151 48 68
82 69 99
103 89 128
90 71 101
138 45 63
162 51 73
162 51 73
162 51 73
162 51 73
162 51 72
162 51 73
154 49 69
161 52 73
160 51 72
154 49 70
160 51 72
145 57 74
192 178 181
255 255 255
255 255 255
255 255 255
255 255 255
255 255 255
255 255 255
204 200 200
247 247 248
255 255 255
174 160 163
156 49 69
163 55 77
156 61 83
122 52 70
130 60 80
137 73 98
131 76 104
126 78 108
118 82 114
112 85 120
109 86 122
97 77 108
101 76 107
110 86 121
108 87 124
103 89 127
107 100 118
244 243 243
246 246 246
169 139 145
146 51 70
162 52 73
146 47 65
138 50 61
184 73 80
209 85 90
232 95 99
219 89 93
184 75 79
231 94 99
232 94 99
232 93 98
231 93 98
226 91 96
177 71 75
121 46 53
147 96 135
132 97 138
102 66 94
142 46 66
162 51 73
154 49 69
81 65 93
102 90 128
103 90 128
102 89 128
102 89 127
101 89 127
101 89 127
101 89 127
92 80 115
118 47 67
170 58 83
149 49 70
82 72 103
101 89 127
101 89 127
82 59 84
152 49 69
162 51 73
162 51 73
162 51 72
161 51 72
160 51 72
160 51 72
160 51 72
160 51 72
159 51 72
155 92 106
229 226 226
254 254 254
255 255 255
255 255 255
255 255 255
255 255 255
255 255 255
254 254 254
137 82 92
163 124 131
237 237 238
134 50 65
170 48 71
170 49 71
155 45 65
163 49 71
165 55 78
158 61 84
153 65 88
152 66 88
150 66 89
150 67 91
149 67 91
146 66 88
150 66 89
146 69 92
142 71 96
126 95 111
237 237 237
254 254 254
255 255 255
254 254 254
227 224 225
166 118 128
154 52 72
161 51 72
161 52 73
154 49 69
145 47 65
153 52 68
155 54 69
146 50 65
158 55 70
154 53 68
149 49 66
146 47 66
162 51 73
137 43 61
113 83 116
106 90 130
105 91 129
92 75 107
116 45 63
162 51 73
95 47 66
101 89 127
100 88 126
100 88 126
100 88 126
101 89 127
100 88 126
100 88 126
100 88 126
91 80 114
139 64 96
176 72 109
82 73 103
100 88 125
100 88 126
100 88 126
93 51 74
190 74 110
197 79 119
191 74 110
179 64 94
169 57 82
162 52 73
161 51 72
156 56 76
190 157 166
252 252 252
255 255 255
255 255 255
255 255 255
255 255 255
255 255 255
255 255 255
255 255 255
251 251 251
129 55 70
158 46 67
125 98 103
170 49 71
171 49 71
171 49 71
171 49 71
171 49 72
170 49 72
170 50 73
169 50 73
167 52 74
165 53 76
164 55 76
162 57 79
159 59 80
161 58 79
160 58 78
112 46 61
160 115 124
149 132 135
253 253 254
255 255 255
255 255 255
254 254 254
254 254 254
227 223 224
173 130 138
151 58 77
162 51 73
163 51 73
163 51 73
163 51 73
164 52 74
164 52 74
164 52 74
164 52 74
163 51 73
163 51 73
159 50 71
77 62 88
101 88 126
100 88 126
100 88 126
95 83 119
97 51 73
145 57 85
91 80 114
100 88 125
99 87 125
99 87 125
99 87 124
99 87 124
99 87 124
99 87 124
99 87 124
89 78 110
118 54 81
86 76 108
100 88 126
100 88 126
100 88 126
96 85 121
144 69 104
208 89 135
209 89 135
208 88 134
205 86 130
182 73 104
196 131 147
237 228 231
254 254 254
254 254 254
255 255 255
255 255 255
255 255 255
255 255 255
255 255 255
255 255 255
255 255 255
241 240 240
125 43 60
174 52 76
147 43 62
172 50 73
172 50 73
171 49 71
172 50 72
172 50 73
173 51 75
175 53 77
175 52 77
174 52 76
171 49 72
170 49 71
170 49 71
170 49 71
170 49 72
168 49 71
167 50 71
138 93 101
242 242 243
255 255 255
255 255 255
255 255 255
255 255 255
255 255 255
255 255 255
255 255 255
244 243 244
200 171 178
172 100 116
158 52 74
161 51 72
161 51 72
161 52 73
166 55 78
172 59 86
183 67 99
186 70 103
186 71 104
86 58 83
99 88 125
99 87 125
99 87 123
99 87 123
99 87 123
92 65 93
66 58 82
99 87 123
99 87 123
99 87 123
99 87 124
99 87 123
99 87 124
99 87 124
99 87 125
100 88 125
82 72 103
79 69 99
100 88 126
99 87 125
99 87 124
99 87 123
91 73 104
192 134 157
224 170 191
227 183 201
233 206 217
246 242 244
254 254 254
255 255 255
255 255 255
255 255 255
255 255 255
255 255 255
255 255 255
255 255 255
255 255 255
255 255 255
255 255 255
250 250 251
127 57 71
176 53 78
174 53 76
174 52 76
175 53 76
174 52 76
176 53 78
178 56 82
187 63 94
194 71 106
197 75 113
194 73 108
183 60 89
176 53 77
174 51 75
173 49 73
172 48 72
164 48 71
167 131 139
249 249 249
254 254 254
255 255 255
255 255 255
255 255 255
255 255 255
255 255 255
255 255 255
255 255 255
255 255 255
254 254 254
254 254 254
241 236 238
214 176 187
191 122 138
175 75 101
194 78 117
205 86 131
209 89 135
209 89 135
207 89 135
112 61 89
99 87 124
99 87 123
99 87 123
99 87 123
99 87 123
99 87 124
85 74 106
87 76 107
100 88 124
100 88 124
100 88 126
100 88 125
99 87 125
99 87 125
99 87 124
99 87 124
99 87 124
82 71 101
86 76 109
99 87 123
99 87 123
99 87 123
99 87 123
107 102 117
253 253 253
255 255 255
255 255 255
224 220 221
217 215 216
255 255 255
255 255 255
255 255 255
255 255 255
255 255 255
255 255 255
255 255 255
255 255 255
255 255 255
255 255 255
254 254 254
171 116 132
186 63 93
190 68 101
193 71 106
192 70 106
196 73 110
199 76 115
199 77 117
202 80 122
206 85 129
209 88 134
209 88 134
207 86 131
200 79 118
194 73 109
184 61 90
179 78 101
221 197 205
254 254 254
255 255 255
255 255 255
255 255 255
255 255 255
255 255 255
255 255 255
255 255 255
255 255 255
255 255 255
255 255 255
255 255 255
255 255 255
255 255 255
255 255 255
254 254 254
253 252 252
236 221 227
226 187 202
220 159 183
210 129 161
204 101 141
158 68 103
91 78 111
100 88 124
100 88 125
100 88 124
100 87 124
100 87 125
100 87 125
92 80 114
98 86 123
100 88 125
99 87 125
99 87 125
100 87 125
100 87 124
99 87 123
100 87 123
100 87 122
100 87 122
80 67 95
96 81 114
105 85 120
106 85 120
108 85 120
108 81 113
168 160 165
254 254 254
220 218 219
131 77 96
156 141 146
255 255 255
255 255 255
255 255 255
255 255 255
255 255 255
255 255 255
255 255 255
255 255 255
255 255 255
255 255 255
255 255 255
234 221 226
196 94 127
205 85 130
209 88 135
209 88 135
209 88 134
209 88 135
210 88 135
209 88 135
209 88 135
209 89 135
209 88 134
204 87 132
205 101 142
211 132 163
224 182 199
250 249 250
254 254 254
255 255 255
255 255 255
255 255 255
255 255 255
255 255 255
255 255 255
255 255 255
255 255 255
255 255 255
255 255 255
255 255 255
255 255 255
255 255 255
255 255 255
255 255 255
255 255 255
255 255 255
255 255 255
255 255 255
254 254 254
254 254 254
254 254 254
249 246 247
109 89 104
121 80 110
117 82 114
114 84 117
112 84 118
110 85 119
109 85 119
106 86 121
104 86 122
103 86 122
102 87 123
102 86 122
103 87 122
104 86 122
104 86 122
105 85 120
110 84 118
114 83 116
119 81 112
95 62 85
125 79 108
130 77 105
133 76 103
136 74 100
112 68 85
223 224 224
129 83 99
142 71 95
137 113 121
254 254 254
255 255 255
255 255 255
255 255 255
255 255 255
255 255 255
255 255 255
255 255 255
255 255 255
255 255 255
255 255 255
255 255 255
254 254 254
242 233 238
235 211 221
231 197 211
229 191 206
228 186 203
229 187 203
230 189 205
231 196 210
234 209 219
236 220 227
247 242 245
254 254 254
255 255 255
255 255 255
255 255 255
255 255 255
255 255 255
255 255 255
255 255 255
255 255 255
255 255 255
255 255 255
255 255 255
255 255 255
255 255 255
255 255 255
255 255 255
255 255 255
255 255 255
255 255 255
255 255 255
255 255 255
255 255 255
255 255 255
255 255 255
255 255 255
255 255 255
255 255 255
254 254 254
173 166 168
137 70 94
140 72 97
138 72 97
137 73 97
137 73 97
136 73 99
135 74 100
133 74 101
133 75 102
133 75 102
134 76 102
133 76 103
133 76 103
133 76 103
135 75 102
136 75 101
138 73 99
139 73 97
139 72 96
130 66 88
141 72 96
142 71 96
142 71 96
142 71 95
95 56 69
145 71 94
146 69 92
128 89 100
254 254 254
255 255 255
255 255 255
255 255 255
255 255 255
255 255 255
255 255 255
255 255 255
255 255 255
255 255 255
255 255 255
255 255 255
255 255 255
255 255 255
255 255 255
255 255 255
255 255 255
255 255 255
255 255 255
255 255 255
255 255 255
255 255 255
255 255 255
255 255 255
255 255 255
255 255 255
255 255 255
255 255 255
255 255 255
255 255 255
255 255 255
255 255 255
255 255 255
255 255 255
255 255 255
255 255 255
255 255 255
255 255 255
255 255 255
255 255 255
255 255 255
255 255 255
255 255 255
255 255 255
255 255 255
255 255 255
255 255 255
255 255 255
255 255 255
255 255 255
255 255 255
255 255 255
248 249 249
122 73 86
149 66 87
148 67 89
146 68 91
145 70 94
143 71 95
143 71 95
143 71 96
144 72 96
144 72 96
142 71 96
142 71 96
142 71 96
143 72 96
143 72 96
143 72 96
143 71 96
142 72 96
142 72 96
142 71 96
143 71 95
145 70 94
147 69 92
152 65 88
156 62 84
159 59 81
162 56 77
123 57 70
254 254 254
255 255 255
255 255 255
255 255 255
255 255 255
255 255 255
255 255 255
255 255 255
255 255 255
255 255 255
255 255 255
255 255 255
255 255 255
255 255 255
255 255 255
255 255 255
255 255 255
255 255 255
255 255 255
255 255 255
255 255 255
255 255 255
255 255 255
255 255 255
255 255 255
255 255 255
255 255 255
255 255 255
255 255 255
255 255 255
255 255 255
255 255 255
255 255 255
255 255 255
255 255 255
255 255 255
255 255 255
255 255 255
255 255 255
255 255 255
255 255 255
255 255 255
255 255 255
255 255 255
255 255 255
255 255 255
255 255 255
255 255 255
255 255 255
255 255 255
255 255 255
204 198 199
197 164 170
150 136 139
156 52 73
166 54 76
165 55 76
164 56 78
162 57 78
161 59 80
160 60 81
159 61 82
158 62 84
156 62 85
155 64 87
154 65 88
154 65 89
155 65 88
156 64 87
155 64 86
157 62 85
158 60 82
159 60 81
160 59 81
161 57 79
164 55 77
165 54 76
165 54 76
165 54 76
165 54 75
131 46 63
248 248 249
255 255 255
255 255 255
255 255 255
255 255 255
255 255 255
255 255 255
255 255 255
255 255 255
255 255 255
255 255 255
255 255 255
255 255 255
255 255 255
255 255 255
255 255 255
255 255 255
255 255 255
255 255 255
255 255 255
255 255 255
255 255 255
255 255 255
255 255 255
255 255 255
255 255 255
255 255 255
255 255 255
255 255 255
255 255 255
255 255 255
255 255 255
255 255 255
255 255 255
255 255 255
255 255 255
255 255 255
255 255 255
255 255 255
255 255 255
255 255 255
255 255 255
255 255 255
255 255 255
255 255 255
255 255 255
255 255 255
255 255 255
255 255 255
255 255 255
255 255 255
241 242 242
138 64 78
155 44 65
136 39 57
149 43 63
171 49 71
170 50 72
170 50 72
171 50 73
171 52 74
171 52 74
171 52 74
171 52 75
173 55 80
175 57 83
177 59 86
179 62 90
180 62 90
178 61 88
175 58 83
175 57 82
173 55 79
172 54 78
171 52 75
170 51 74
170 51 74
169 50 73
170 49 72
170 49 71
150 45 65
237 233 235
255 255 255
255 255 255
255 255 255
255 255 255
255 255 255
255 255 255
255 255 255
255 255 255
255 255 255
255 255 255
255 255 255
255 255 255
255 255 255
255 255 255
255 255 255
255 255 255
255 255 255
255 255 255
255 255 255
255 255 255
255 255 255
255 255 255
255 255 255
255 255 255
255 255 255
255 255 255
255 255 255
255 255 255
255 255 255
255 255 255
255 255 255
255 255 255
255 255 255
255 255 255
255 255 255
255 255 255
255 255 255
255 255 255
255 255 255
255 255 255
255 255 255
255 255 255
255 255 255
255 255 255
255 255 255
255 255 255
255 255 255
255 255 255
255 255 255
255 255 255
254 254 254
221 218 219
143 56 73
172 50 73
172 49 71
172 49 71
172 49 72
173 51 74
175 53 78
177 55 79
179 56 82
182 60 88
185 63 92
188 66 98
192 70 105
194 73 108
200 79 119
204 83 126
203 82 124
199 78 118
194 73 109
190 68 101
185 63 94
183 60 88
179 56 82
177 54 79
176 52 77
174 51 74
172 49 72
162 51 74
239 232 235
255 255 255
255 255 255
255 255 255
255 255 255
255 255 255
255 255 255
255 255 255
255 255 255
255 255 255
255 255 255
255 255 255
255 255 255
255 255 255
255 255 255
255 255 255
255 255 255
255 255 255
255 255 255
255 255 255
255 255 255
255 255 255
255 255 255
255 255 255
255 255 255
255 255 255
255 255 255
255 255 255
255 255 255
255 255 255
255 255 255
255 255 255
255 255 255
255 255 255
255 255 255
255 255 255
255 255 255
255 255 255
255 255 255
255 255 255
255 255 255
255 255 255
255 255 255
255 255 255
255 255 255
255 255 255
255 255 255
255 255 255
255 255 255
255 255 255
255 255 255
255 255 255
254 254 254
215 209 211
159 63 84
175 52 75
176 54 79
180 58 84
182 60 89
183 60 90
187 65 96
192 71 105
196 75 112
200 79 119
202 81 122
204 83 126
207 87 133
209 89 135
209 89 135
209 89 135
209 88 135
209 88 134
206 84 128
203 81 124
201 80 121
197 75 113
191 69 103
186 63 94
178 56 81
174 53 77
171 65 90
249 246 248
255 255 255
255 255 255
255 255 255
255 255 255
255 255 255
255 255 255
255 255 255
255 255 255
255 255 255
255 255 255
255 255 255
255 255 255
255 255 255
255 255 255
255 255 255
255 255 255
255 255 255
255 255 255
255 255 255
255 255 255
255 255 255
255 255 255
255 255 255
255 255 255
255 255 255
255 255 255
255 255 255
255 255 255
255 255 255
255 255 255
255 255 255
255 255 255
255 255 255
255 255 255
255 255 255
255 255 255
255 255 255
255 255 255
255 255 255
255 255 255
255 255 255
255 255 255
255 255 255
255 255 255
255 255 255
255 255 255
255 255 255
255 255 255
255 255 255
255 255 255
255 255 255
255 255 255
255 255 255
234 225 228
183 96 119
186 63 93
193 71 106
199 79 119
202 81 123
202 81 123
202 82 123
204 83 127
207 86 131
208 88 134
209 89 135
209 89 135
209 88 135
209 88 135
209 89 135
209 88 135
209 88 135
209 88 135
210 88 135
209 89 135
208 88 134
209 88 134
207 86 132
193 72 107
180 69 96
220 187 198
253 254 254
255 255 255
255 255 255
255 255 255
255 255 255
255 255 255
255 255 255
255 255 255
255 255 255
255 255 255
255 255 255
255 255 255
255 255 255
255 255 255
255 255 255
255 255 255
255 255 255
255 255 255
255 255 255
255 255 255
255 255 255
255 255 255
255 255 255
255 255 255
255 255 255
255 255 255
255 255 255
255 255 255
255 255 255
255 255 255
255 255 255
255 255 255
255 255 255
255 255 255
255 255 255
255 255 255
255 255 255
255 255 255
255 255 255
255 255 255
255 255 255
255 255 255
255 255 255
255 255 255
255 255 255
255 255 255
255 255 255
255 255 255
255 255 255
255 255 255
255 255 255
255 255 255
255 255 255
255 255 255
254 254 254
251 251 251
225 191 202
210 134 160
200 94 134
206 86 132
209 88 134
210 88 135
209 88 135
209 88 135
209 89 135
209 89 135
209 89 135
209 89 135
209 89 135
209 89 135
209 89 135
209 89 135
209 88 135
210 88 135
209 88 135
207 87 133
204 98 139
213 136 166
222 180 195
246 241 243
254 254 254
255 255 255
255 255 255
255 255 255
255 255 255
255 255 255
255 255 255
255 255 255
255 255 255
255 255 255
255 255 255
255 255 255
255 255 255
255 255 255
255 255 255
255 255 255
255 255 255
255 255 255
255 255 255
255 255 255
255 255 255
255 255 255
255 255 255
255 255 255
255 255 255
255 255 255
255 255 255
255 255 255
255 255 255
255 255 255
255 255 255
255 255 255
255 255 255
255 255 255
255 255 255
255 255 255
255 255 255
255 255 255
255 255 255
255 255 255
255 255 255
255 255 255
255 255 255
255 255 255
255 255 255
255 255 255
255 255 255
255 255 255
255 255 255
255 255 255
255 255 255
255 255 255
255 255 255
255 255 255
255 255 255
255 255 255
255 255 255
255 255 255
255 255 255
252 251 252
236 221 228
229 192 206
222 167 188
216 145 172
212 131 162
209 119 154
205 109 147
203 101 141
199 93 135
202 97 138
207 107 147
209 118 153
214 133 165
218 152 178
222 170 192
231 198 211
239 226 232
253 253 253
255 255 255
255 255 255
255 255 255
255 255 255
255 255 255
255 255 255
255 255 255
255 255 255
255 255 255
255 255 255
255 255 255
255 255 255
255 255 255
255 255 255
