38 66
wwwwwwwwwwwwwwwwwwwwwwwwwwwwwwwwwwwwwwwwwwwwwwwwwwwwwwwWstwwwwwwww
wwwwwwwwwwwwwwwwwwwwwwwXwwwwwwwwwwwwwwwwwwwwwwXwwwwwwtNiikwwwwwwww
wwwwwwwwwwwwwwwwwXwwwwwwwwwwwwwwwwwwwwwwwwwwwwwwwwwUMiIIILwwwwwwww
wwpOQruwwwwwwwwwwwwwwwwwwwwwwwwwwwwwwwwwwXwwwwwwwWrkiIIIIOwwwwwwww
wwQIiIIjNRvwwwwwwwwwwwwwwwwwwwwwwwwwwwwwwwwwwwwwVsVVrKIiitwwwwwwww
wwWliiIiIIjQUWwwwwwwwwwwwwwwwwwwwwXwwwwwwwwwwwwutVVVVUKimwwwwwwwww
wwwWlIIiINuVVUtuwwwwwwwwwwwwwwwwwwwwwwwwwwwwwwVUVVVVVVrJuwwwwwwwww
wwwwWNiIJuVVVVVuTuwwwwwwwwwwwwwwwwwwwwwwwwwwwvTVVVVVVVUrwwwwwwwwww
wwwwwwQiKVVVVVVVVutVwwwwwwwwwwwwwwwwwwwwwwwwwsVVVVVVVuswwwwXwwwwww
wwwwwwwULtVVVVVVVVVuUvwwwwwwwwwwwwwwwwwwwwwXsuVVVVVVuswwwwwwwwwwww
wwwwwwwwwttVVVVVVVVVVTuwwwwwwwWVVVVvVuuVwwwwSVVVVVVuswwwwwwwwwwwww
XwwwwwwwwwvttVVVVVVVVVutwWuUttUVVVVVVVVuUUUTUVVVVVtTwwwwwwwwwwwwww
wwwwwwwwwwwwVtUVVVVVVVVusUVVVVVVVVVVVVVVVVVVUVVVusuwwwwwwwwwwwwXww
wwwwwwssVwwwwwwVtUVVVVVVVVVVVVVVVVVVVVVVVVVVVVustwwwwXwwwwwwwwwwww
wwwwwSQqQQsVwwwwwWutTuVVVVVVVVVVVVVVVVVVVVVVVVVUuwwwwwwwwwwXwwwwww
wwwwwQqqqqqQqTWwwwwSuuVVVVVVVVVVVVVVVVVVVVVVVVVVtuwwwwwwwwXwwwwwww
wwwwvpqqqqqqqqQSvwutVVVVVVuTtVVVVVVVVVVVVVusQPTVVswwwwwwwwwwwwwwww
XwwwVQqqqqqqqqqqQSrVVVVVunJOWtsVVVVVVVVVVVPXXJinVUtwwwwwwwwwwwwwww
wwwwupqqqqqqqqqqqqrVVVVVniiJOlMVVVVVVVVVVVOJiiJiuVstwwwwwwwwwwwwww
wwwwwpqqqqqqqqqqqqSVtsTVRKKjiJRVVVVVVuVVVVunKjmqVSPPTwwwwwwwwwXwXw
wwwwwRqqqqqqqqqqqQsQPppPtuSRrUVVVVVVVSuVVVVVVVVVuoppqwwwwwwwwwwwww
wwwwwUQqqqqqqqqqqqRoppppoVVVVVVVTtTTtTtTTTuVVVVVUPpPSwXwwXwwwwwwww
wwwwwwrQqqqqqqqqqqqoppppPuVVVVVVVVVVVVVVVVVVVVVVVQPQwwwwwwwwwwwwww
wwwwXwwuTSqQqqqqqqQsPPPpsVVVVVVVVVVVVVVVVVVVVVVVVtswwXwwwwwwwwwwww
wwwwwwwwwwwuTrQqqqpsVUUVVVVVVVVVVVVVVVVVVVVVVVVUsUwwwwwwwwwwwwwwww
wwwwwwwwwwwwwwWtSQqQVVVVVVVVVVVVuVVVVVVVVuVVVVUuVtuwwwXwwwwXwwwwww
wwwwwXwwwwwwVTsRQQqRVVVVVVVVVVVURqRRRRRqqruVVVVVVVtuwXwwwwwwwwwwww
wwwwwwwwwwwRQqqqqqQTVVVVVVVVVVtVVUTsSsTUuVVVVVVVVVVswwwwwwwwwwXwww
wwwXwwwwwwwwsQqqpTsVVVVVVVVVVVuSuVVVVVVVVVVVVVVVVVVSwwwwwwwwwwwwww
wwwwwwwwwwwwwvRQqQSVVVVVVVVVVVVVrVVVVVVVsUVVVVVVVVVswwwwwwwwwwwwww
wwwXwwwwwwwXwvsQqQuVrVVVVVVVVVVVUrVVVVVVsVVVVVVVVVUUwwwwwwwwwwwwww
wwwwwwwwwwwwQijMpTVVurUVVVVVVVVVVstVVVVTUVVVVVVVVUrVwwwwwwwwwwwwww
wwwwwwXwwwwwvniKrVVVVVTTuVVVVVVVVsTVVVVrVVVVVVVuTtVUUwwwXwwwXwwwww
wwwwwwwwwwwwwwtlsVVVVVVVUTtttUttRtVVVVVutSTTUTttVVVVUuwwwwwwwwwwww
wwwwwwwwwwwwwwwTVVVVVVVVVVVVVUuuVVVVVVVVVVVVuVVVVVVVVsvwwXwwwwwwww
wwwwwwwwwwwwwwwSUVVVVVVVVVVVVVVVVVVVVVVVVVVVVVVVVVVVVtUwwwwwwwXwww
wwwXwwwwwXwwwwwSqrstUuVVVVVVVVVVVVVuuUUUUUUUUuuUtTsSqQwwwwwwwwwwww
wwwwwwwwwwwwwwXvQqqqqqqqRRRRRRRRRqqqqqqqqqqqqqqqqqqqQvwXwwwwwwwwww
239 222 212
240 223 213
239 222 212
238 221 211
238 221 211
238 223 212
237 223 212
237 223 212
239 222 212
239 222 212
238 222 212
236 222 211
237 223 212
239 223 212
238 221 211
238 221 211
238 221 211
239 222 212
238 221 211
239 222 212
239 222 212
238 221 211
239 222 212
239 222 212
238 221 211
239 222 212
239 222 212
239 222 212
239 222 212
238 223 212
237 223 212
237 223 212
239 222 212
239 222 212
238 222 212
237 223 212
237 223 212
238 222 212
239 222 212
238 221 211
239 222 212
239 222 212
238 221 211
239 222 212
239 222 212
239 222 212
239 222 212
239 222 212
239 222 212
239 222 212
239 222 212
238 221 211
239 222 212
237 222 212
238 222 212
233 217 206
203 178 167
212 191 178
238 223 212
239 222 211
238 222 211
239 223 210
239 223 212
239 222 213
239 222 212
239 222 212
239 222 212
239 222 212
239 222 212
239 222 212
239 222 212
239 223 213
239 223 212
239 223 212
239 223 211
239 223 211
239 223 211
238 222 212
239 223 213
239 222 211
239 223 211
239 223 211
239 222 212
239 222 212
239 222 211
239 223 211
239 223 211
239 223 212
239 222 212
240 223 213
239 222 212
239 222 212
240 223 213
239 222 212
239 222 212
239 223 212
238 222 212
239 223 213
239 222 212
239 222 212
239 222 212
239 223 213
238 222 211
239 223 213
239 222 212
239 222 212
239 222 212
239 222 212
239 222 211
239 222 210
239 223 210
239 222 211
240 223 213
239 222 212
239 222 210
240 223 211
239 223 212
238 222 213
239 222 211
210 189 177
159 124 111
121 79 62
119 72 58
138 98 82
238 221 210
239 222 213
239 222 213
239 222 212
239 222 212
239 222 213
239 223 211
239 222 213
238 222 212
239 223 212
238 222 210
239 223 213
240 223 212
238 222 211
239 223 212
239 222 211
239 223 211
238 222 210
239 222 211
239 222 212
239 222 212
239 222 212
239 222 213
239 222 213
239 222 212
240 223 213
239 223 212
239 222 210
239 223 211
238 222 211
239 223 212
238 222 212
239 222 212
240 223 213
239 222 212
239 222 212
239 222 212
239 222 212
239 222 212
239 222 212
239 222 212
239 222 212
239 222 212
239 222 212
239 222 212
239 222 212
239 222 212
239 222 212
240 223 213
239 222 212
238 221 211
240 223 212
239 222 211
239 222 212
239 222 212
238 221 211
238 223 211
239 223 210
239 222 212
216 196 182
150 115 98
118 73 58
119 72 57
119 73 57
119 72 57
139 99 84
240 223 210
239 222 212
239 222 212
239 222 212
239 222 212
239 222 212
239 223 211
239 222 212
237 222 212
239 223 210
176 146 134
165 132 118
181 152 138
196 172 157
219 200 186
238 222 210
239 222 212
239 222 212
239 222 212
238 221 211
239 222 212
239 222 212
239 222 212
239 222 212
239 222 212
239 222 212
239 222 212
239 222 212
239 222 212
238 223 212
237 223 212
237 223 212
239 222 212
239 222 212
239 222 212
239 222 212
240 223 213
239 222 212
238 221 211
239 222 212
239 222 212
239 222 212
239 222 212
239 222 212
239 222 212
239 222 212
240 223 213
239 222 212
239 222 212
240 223 213
239 222 211
239 223 210
239 223 210
239 223 212
239 222 212
239 222 212
238 223 211
237 218 204
202 172 143
139 99 73
119 72 58
118 73 58
119 73 57
119 73 58
118 73 58
167 134 119
236 224 211
239 222 212
239 222 212
239 222 212
238 221 211
240 223 213
239 222 212
239 222 212
239 222 212
238 222 212
185 155 141
118 72 57
119 72 57
117 73 57
118 73 58
129 86 71
157 122 108
188 164 151
227 210 196
236 223 213
237 223 213
240 223 212
239 222 213
239 223 213
239 222 212
239 222 212
239 222 212
239 222 212
239 222 212
239 223 212
239 223 212
239 223 212
239 222 212
239 222 212
240 223 212
239 223 210
239 223 210
239 223 212
239 222 212
239 222 212
240 223 213
239 222 212
239 222 212
239 222 212
239 222 212
239 222 212
239 222 212
239 222 212
239 222 212
239 222 212
239 222 212
240 223 213
239 222 212
238 223 212
238 222 213
240 222 212
231 205 185
230 191 127
249 228 142
251 229 140
213 185 118
134 95 65
117 73 58
119 72 59
118 74 59
214 191 179
237 223 211
239 222 212
239 222 212
240 223 213
238 221 211
239 222 212
238 221 211
239 222 212
239 222 212
239 222 213
235 217 205
143 106 92
120 72 58
119 72 59
119 72 58
120 72 57
117 73 57
118 73 57
131 89 65
193 163 123
224 199 164
236 214 199
236 224 211
238 222 212
239 222 213
239 222 212
239 222 212
239 222 212
239 222 212
239 222 213
238 221 212
239 222 213
240 223 213
239 222 212
240 223 212
239 223 212
239 222 211
239 222 212
239 222 212
239 222 212
239 222 212
239 222 212
240 223 213
239 222 212
240 223 213
239 222 212
239 222 212
239 222 212
239 222 212
239 222 212
239 222 212
239 222 212
239 222 212
239 222 213
239 222 212
231 204 177
238 206 131
249 231 137
251 230 139
251 231 140
251 231 140
239 215 136
134 95 65
119 72 60
154 116 102
239 223 213
238 224 209
239 223 211
239 223 211
239 222 211
239 222 212
239 222 212
239 222 212
239 222 212
239 222 212
239 222 212
239 223 213
232 213 203
145 110 96
118 72 57
119 72 58
120 72 57
118 73 56
168 134 87
246 223 140
251 231 138
251 229 141
240 216 134
233 203 149
229 201 176
239 221 210
238 222 212
239 222 211
239 222 212
239 222 212
239 222 212
239 222 212
239 222 212
239 222 212
239 222 212
239 222 212
239 222 212
239 222 212
239 223 212
239 222 211
239 223 212
239 222 212
238 221 211
239 222 212
239 222 212
239 222 212
239 222 212
239 222 212
239 222 212
239 222 212
238 221 211
238 221 211
238 222 213
238 222 212
238 223 209
235 207 185
239 211 137
251 229 141
252 231 138
252 230 139
252 231 140
252 231 140
251 231 140
213 188 117
123 81 64
222 202 189
238 223 212
238 223 214
239 222 213
239 222 213
239 222 212
239 222 212
239 222 212
239 222 212
239 222 212
239 222 212
239 222 212
239 222 212
237 222 213
235 215 204
156 122 106
119 72 58
118 73 58
126 84 57
247 225 142
251 230 140
252 231 140
252 231 140
252 230 140
250 231 140
247 223 138
230 199 133
229 202 177
240 222 209
239 222 210
239 222 213
239 222 213
239 222 212
239 222 212
239 222 212
238 221 211
239 222 212
239 222 212
238 221 211
239 223 211
240 224 211
239 223 210
239 222 212
239 222 212
239 222 212
239 222 212
239 222 212
239 222 212
240 223 213
239 222 212
239 222 212
239 222 212
238 222 212
237 223 212
237 223 212
233 211 193
234 202 131
250 230 142
252 231 140
251 230 139
252 231 140
251 230 139
252 231 140
251 231 139
245 217 138
198 170 146
239 222 212
239 222 212
239 222 212
240 223 213
238 221 211
239 222 212
239 222 212
239 222 212
239 222 212
239 222 212
239 222 212
238 221 211
239 222 212
239 222 212
239 222 212
238 222 210
186 154 141
120 77 62
135 93 68
251 230 141
252 229 139
252 231 140
252 231 140
252 231 140
252 231 140
252 231 140
250 231 138
248 224 137
233 203 142
231 206 181
238 222 212
238 222 211
239 222 212
239 222 212
239 222 212
239 222 212
239 222 212
239 223 212
239 223 212
239 223 212
239 222 212
239 222 212
239 222 212
240 223 213
239 222 212
239 222 212
239 222 212
239 222 212
239 222 212
239 222 212
239 222 212
239 222 212
239 221 212
236 225 212
240 220 207
224 190 134
250 230 141
250 232 139
251 231 140
252 231 140
252 231 140
252 231 140
251 230 139
248 225 136
222 186 147
238 223 210
239 222 210
239 223 210
239 222 210
240 223 213
239 222 213
239 222 212
239 222 212
239 222 212
239 222 212
239 222 212
238 221 211
239 222 212
239 222 211
239 222 210
239 223 211
240 223 212
238 222 214
215 193 181
143 107 86
236 212 132
252 230 138
252 231 140
252 231 140
252 231 140
252 231 140
252 231 140
252 230 139
251 230 140
250 231 141
245 220 137
232 205 154
234 214 197
238 222 214
239 222 213
240 223 213
239 222 212
239 222 212
239 222 213
238 221 212
239 222 212
238 221 211
239 222 212
239 223 210
237 222 211
238 223 212
239 222 211
238 222 210
238 222 212
238 223 213
239 224 212
239 223 211
239 223 211
240 223 213
237 224 215
224 185 148
248 224 137
251 230 140
252 231 139
252 231 140
252 231 140
251 231 138
252 229 140
249 227 138
223 186 140
240 220 210
238 223 213
239 223 212
239 222 211
238 222 211
239 222 211
239 223 212
239 222 212
238 221 211
239 222 212
239 222 212
239 222 212
239 222 212
240 223 212
239 223 211
239 223 211
239 223 211
239 223 213
239 223 211
239 223 213
236 221 210
223 195 166
236 208 132
251 230 140
250 231 139
251 230 139
251 230 139
252 231 140
252 231 140
252 231 140
252 231 140
250 231 139
250 229 139
233 205 131
231 199 173
238 223 210
239 222 214
239 221 212
238 221 212
239 223 213
238 222 212
240 221 209
237 215 199
232 208 187
234 211 184
236 213 181
238 214 179
238 215 179
234 212 175
231 205 171
230 201 175
230 204 185
240 220 206
240 222 211
240 223 209
240 218 206
227 191 122
252 230 141
251 230 139
251 230 139
252 230 140
253 230 139
253 230 139
246 222 136
224 187 145
239 221 208
237 222 211
238 222 213
239 222 212
239 222 212
239 222 212
239 222 212
239 222 212
239 222 212
239 222 212
239 222 212
239 222 212
238 221 211
239 222 214
239 222 211
239 223 211
238 221 211
239 222 212
239 222 212
239 222 212
239 222 212
237 223 211
235 222 213
236 212 195
231 199 152
241 213 132
250 230 140
251 230 139
251 231 139
252 231 140
252 231 140
251 230 139
251 230 139
251 230 139
251 231 139
246 223 135
231 201 154
239 221 208
235 213 198
231 205 174
233 202 154
235 203 139
238 211 135
244 218 135
251 229 138
252 230 139
252 231 139
252 231 139
252 230 140
252 230 140
250 231 141
252 229 140
247 225 135
242 215 133
240 211 142
235 204 151
224 189 149
244 217 132
252 230 140
251 230 139
251 230 139
252 230 138
251 231 140
237 213 131
226 187 154
238 222 209
240 222 213
239 222 212
239 222 212
239 222 212
240 223 213
238 221 211
240 223 213
239 222 212
239 222 212
239 222 212
239 222 212
238 221 211
239 222 212
239 222 212
238 221 211
239 222 212
239 222 212
239 222 212
239 222 212
239 222 212
239 222 212
239 222 212
239 222 212
239 223 211
237 223 215
231 209 191
230 198 155
239 211 139
250 229 138
251 230 139
251 231 140
252 231 140
252 231 140
252 231 140
252 231 140
252 230 140
250 228 138
228 193 122
243 217 134
250 230 139
251 230 139
252 231 140
252 230 140
252 230 140
252 230 140
251 230 139
252 231 140
251 230 139
251 231 140
251 231 140
252 231 139
252 231 139
251 231 140
251 231 139
252 231 139
251 231 139
250 229 139
240 217 131
252 229 141
252 230 140
252 230 140
248 226 139
228 195 133
230 203 183
239 222 213
239 222 212
240 223 211
240 224 211
239 223 210
240 223 213
239 222 212
239 222 213
239 222 213
240 223 211
239 223 210
239 222 211
239 222 214
239 223 211
239 222 213
239 222 212
239 222 212
238 222 211
239 223 211
239 223 211
239 221 208
227 179 143
231 176 138
232 203 181
240 221 211
238 222 214
239 223 211
237 222 209
236 224 211
237 220 207
233 206 180
229 199 146
241 213 134
250 230 138
250 230 137
251 231 140
251 231 140
252 231 140
252 231 140
251 230 140
251 231 139
251 231 139
252 231 140
252 231 140
252 231 140
252 231 140
252 231 140
251 230 139
251 230 139
251 230 139
252 231 140
252 231 140
252 231 140
252 231 140
252 231 140
252 231 140
252 231 140
251 231 140
251 231 140
252 230 139
251 231 139
247 227 137
229 198 129
225 194 162
237 221 209
239 223 211
239 222 212
239 222 212
240 223 213
239 223 212
239 223 212
238 223 212
238 223 212
239 223 213
239 222 213
239 222 212
238 223 211
238 224 213
238 223 213
239 222 212
239 222 212
239 222 212
239 222 211
238 223 211
237 223 210
240 222 211
224 171 135
240 162 81
238 165 82
237 162 82
229 159 94
230 180 136
233 204 180
238 222 210
236 222 211
239 221 212
237 222 214
238 222 212
237 219 201
235 206 174
233 205 146
236 206 121
247 225 137
251 230 139
252 231 140
252 231 140
252 231 140
252 231 140
252 231 140
252 231 140
252 231 140
252 231 140
252 231 140
252 231 140
252 231 140
252 231 140
252 231 140
252 231 140
252 231 140
252 231 140
252 231 140
252 231 140
252 231 140
252 231 140
252 231 140
251 230 139
252 230 141
251 231 137
241 214 135
230 203 171
238 223 214
239 223 212
240 223 212
240 223 212
239 222 212
239 222 212
239 222 212
238 223 211
238 223 212
238 222 212
240 223 213
239 222 212
238 222 212
238 223 212
238 223 212
239 222 212
239 222 212
239 222 214
239 222 213
239 222 212
238 223 211
242 221 205
224 154 96
241 165 83
241 164 83
241 164 82
241 164 82
241 164 82
237 162 80
228 162 102
231 184 149
236 215 200
237 222 210
239 223 211
240 223 212
240 222 210
220 180 133
250 227 137
247 226 135
252 231 140
252 231 140
252 230 139
251 230 140
251 230 139
252 231 140
252 231 140
252 231 140
252 231 140
252 231 140
252 231 140
252 231 140
251 231 140
252 231 140
251 230 139
251 230 139
252 231 140
252 231 140
252 231 140
252 231 140
251 230 139
252 231 140
251 230 139
251 230 139
251 230 140
251 229 138
239 211 134
231 201 177
240 222 212
239 222 213
239 222 213
239 222 213
239 222 212
239 222 212
239 223 210
239 222 213
240 223 214
239 222 212
239 222 212
239 222 212
239 222 212
239 222 212
239 222 212
239 222 212
239 222 211
239 223 212
238 223 214
238 223 211
235 207 189
229 152 82
240 165 82
241 164 82
242 165 83
241 164 82
241 164 82
241 164 82
241 165 83
239 165 81
233 155 83
228 176 133
235 211 194
237 222 213
229 203 180
238 208 130
250 231 140
251 230 139
251 230 139
252 231 140
252 230 139
251 231 141
247 226 139
231 206 126
234 210 129
251 229 143
251 230 139
252 230 140
252 231 140
252 231 140
252 231 140
252 231 140
252 231 140
252 231 140
252 231 140
252 231 140
252 231 140
251 230 139
248 227 139
221 199 133
195 167 118
189 158 102
227 205 126
251 230 140
250 231 137
228 191 131
242 221 206
239 223 210
239 223 210
239 222 211
239 222 212
239 222 212
239 223 210
239 223 210
239 223 211
239 222 212
239 222 212
239 222 212
239 222 213
239 223 213
238 222 209
239 222 213
239 222 214
239 222 212
237 223 212
240 223 211
235 203 181
234 156 82
242 164 82
240 164 82
241 165 83
242 165 83
242 165 83
241 164 82
242 165 83
241 164 83
241 164 82
240 165 82
232 159 83
226 172 131
222 176 126
251 230 139
251 231 141
252 230 139
251 230 139
251 231 139
244 222 138
172 135 92
125 81 60
165 136 117
233 228 200
213 200 163
223 197 127
252 231 139
252 230 140
252 231 140
252 231 140
252 231 140
252 231 140
252 231 140
252 231 140
252 231 140
251 231 139
252 230 138
184 157 104
241 237 208
241 237 208
123 85 65
119 73 57
174 141 92
251 230 142
243 218 129
227 191 169
237 225 210
239 222 213
237 223 208
239 222 212
239 222 213
239 222 211
239 222 213
239 223 211
238 223 213
238 223 212
239 223 211
239 223 210
239 223 210
239 223 210
239 222 213
238 221 213
239 222 211
239 223 213
238 222 210
232 202 181
231 151 80
242 164 83
241 165 82
242 165 83
242 165 83
241 164 82
240 163 81
242 165 83
241 164 82
241 164 82
240 164 82
241 165 82
242 164 85
232 183 106
251 230 140
252 230 140
252 230 140
252 230 140
252 230 140
173 138 90
119 73 60
119 73 59
124 84 67
163 135 115
143 109 91
161 122 82
251 230 140
252 231 140
252 231 140
252 231 140
252 231 140
252 231 140
252 231 139
252 231 139
252 231 139
251 231 140
252 231 138
176 144 96
123 83 65
121 80 63
121 73 58
130 74 62
120 76 55
243 220 139
250 230 139
229 191 124
227 184 164
240 223 211
237 223 211
239 223 212
239 222 213
239 223 213
238 223 211
238 223 213
238 223 213
237 222 211
239 223 211
239 223 210
239 223 210
239 223 212
239 222 212
239 222 212
239 222 212
240 221 214
238 223 210
240 221 206
227 150 88
242 163 83
240 165 81
242 165 83
241 164 82
242 165 83
241 164 82
241 164 82
241 164 82
241 164 82
241 164 82
243 165 82
242 161 85
234 191 111
250 230 141
242 210 130
240 194 122
239 203 124
249 230 139
210 184 117
139 88 67
149 83 73
137 79 68
119 71 58
124 80 60
210 180 117
249 230 137
252 231 140
251 230 139
251 230 139
252 231 139
251 230 139
249 227 138
251 230 140
252 230 140
252 230 140
251 231 139
246 223 139
175 143 90
136 92 69
138 87 67
167 114 85
209 175 114
250 231 141
236 188 117
235 116 92
238 115 98
230 179 163
238 223 213
239 222 213
239 222 213
237 223 212
237 223 212
238 223 212
239 222 212
240 223 213
239 222 213
240 223 213
239 222 213
239 222 214
239 222 211
239 222 212
239 222 212
239 223 211
240 222 213
238 223 210
223 163 117
242 165 82
240 165 82
242 165 82
242 165 83
241 164 82
241 164 82
242 165 83
241 164 82
242 165 83
241 165 83
242 165 81
236 159 81
234 195 115
225 151 98
240 112 95
248 116 99
247 114 100
227 127 93
242 206 132
246 226 137
222 194 123
208 180 113
214 186 116
243 221 136
251 230 140
251 230 139
251 230 140
249 230 138
251 230 139
250 230 137
251 230 139
220 198 119
247 225 138
251 230 140
251 230 139
251 231 139
250 231 139
250 232 140
252 230 140
252 230 140
252 230 141
251 231 139
247 221 137
225 116 85
250 115 99
249 115 100
224 142 123
240 222 213
239 222 211
239 223 212
239 222 212
239 222 212
239 222 212
239 222 212
239 222 212
239 222 212
239 222 212
239 222 212
239 222 212
239 222 212
239 222 212
239 222 212
238 223 212
238 222 212
237 224 213
231 191 168
236 156 81
239 165 80
241 165 82
241 164 82
241 164 82
241 164 82
241 164 82
241 164 82
241 164 82
241 165 83
241 165 81
240 163 85
226 175 105
233 111 88
250 116 98
249 115 99
248 116 98
248 116 99
227 123 89
250 228 141
251 231 141
252 231 140
252 230 140
252 231 141
251 231 139
251 230 138
234 207 122
240 209 127
238 206 124
237 206 125
238 208 127
237 204 125
238 208 126
237 208 124
237 206 125
234 205 120
249 227 137
251 231 139
251 230 139
252 230 140
252 231 139
251 230 140
245 214 132
235 115 92
249 116 100
242 115 96
223 166 150
239 222 212
240 223 213
238 221 212
239 222 212
240 223 213
239 222 212
238 221 211
239 222 212
240 223 213
239 222 212
239 222 212
239 222 212
239 222 212
239 222 212
239 222 212
239 222 212
238 223 212
237 222 212
239 221 208
226 167 121
239 163 79
240 165 82
240 165 81
241 164 82
241 164 83
241 164 82
241 164 82
241 164 82
241 164 82
244 164 83
241 164 82
222 167 100
229 114 88
250 116 98
248 116 100
249 116 98
249 115 99
231 121 91
250 226 140
252 230 141
251 230 139
252 231 140
252 231 140
252 231 140
251 230 139
251 231 139
252 230 141
251 230 142
252 230 141
251 230 138
251 230 139
251 231 140
251 230 140
251 230 138
250 231 138
252 230 139
252 231 140
252 231 140
251 230 139
251 230 139
252 231 139
250 230 140
225 152 101
241 114 93
222 139 120
242 219 210
238 224 212
239 222 212
239 222 212
240 223 213
239 222 212
239 222 212
239 223 212
238 222 212
239 222 212
239 222 212
239 222 212
239 222 212
239 222 212
239 222 212
239 222 212
239 222 212
239 222 212
240 223 213
238 223 211
239 221 210
230 198 179
231 188 152
233 174 122
232 161 92
238 161 83
241 164 82
241 164 82
241 164 82
241 165 82
242 165 84
242 164 83
227 165 89
236 189 122
231 124 93
243 112 94
238 114 93
234 128 97
236 189 121
250 230 139
252 229 141
251 230 139
252 231 140
252 231 140
251 230 139
252 231 140
252 231 140
251 230 139
252 231 140
252 231 140
252 231 140
252 231 140
252 231 140
252 231 140
252 231 140
252 231 140
252 231 140
252 231 140
252 231 140
252 231 140
252 231 140
251 231 139
251 230 140
239 214 131
220 177 147
240 219 207
239 222 214
239 223 213
239 222 212
238 221 211
239 222 212
239 222 212
238 222 212
238 224 213
238 224 213
239 223 212
238 221 211
239 222 212
239 222 212
239 222 212
239 222 212
240 223 213
239 222 212
239 222 212
239 222 212
239 222 212
239 222 212
239 222 212
237 223 212
237 223 212
239 221 208
232 202 182
233 187 151
231 169 114
234 156 86
240 165 83
242 164 82
242 164 82
235 154 78
236 200 117
251 230 141
242 215 131
243 217 131
250 230 140
251 231 140
252 231 140
252 230 140
252 231 140
251 230 139
251 230 139
252 231 140
252 231 140
252 231 140
252 231 140
252 231 140
252 231 140
252 231 140
252 231 140
252 231 140
251 230 139
251 230 139
252 231 140
251 230 139
251 230 139
252 231 140
251 231 139
249 231 139
243 216 131
231 196 124
229 197 171
237 224 212
239 222 212
239 222 212
238 221 212
238 221 212
239 223 211
240 224 211
239 223 210
238 222 210
240 223 213
239 222 212
239 222 212
239 222 212
239 222 212
239 222 212
239 222 212
239 222 212
239 222 212
239 222 212
239 222 212
239 222 212
240 223 213
239 222 212
239 222 212
238 223 212
238 223 212
237 223 213
239 222 212
240 222 212
240 223 210
236 218 204
228 190 162
232 176 127
234 159 88
240 165 81
227 166 91
251 230 139
252 230 141
252 230 140
251 231 139
251 231 140
252 231 140
252 231 140
252 231 140
251 230 139
251 231 139
252 230 139
252 228 138
250 226 136
251 230 139
250 231 139
251 231 139
251 231 139
251 231 139
251 231 139
250 230 138
251 230 139
250 226 136
251 230 139
252 231 140
252 231 140
251 231 140
243 218 129
247 223 135
249 231 141
237 209 134
233 204 176
238 223 211
239 221 213
238 223 211
240 224 213
238 221 212
239 222 211
239 222 211
239 222 212
240 223 213
239 222 212
240 223 213
239 222 212
239 222 212
239 222 212
239 222 212
239 222 212
239 222 212
239 222 212
240 223 213
239 222 212
240 223 213
238 221 212
239 222 213
238 223 211
238 223 212
238 223 213
239 221 210
232 205 184
231 188 153
234 181 131
234 167 108
232 158 89
239 161 84
241 164 82
229 174 98
252 230 139
252 230 140
252 231 140
252 231 140
252 231 140
251 230 139
251 230 139
252 231 140
252 231 140
252 230 140
250 231 140
248 219 131
237 176 93
240 171 88
240 176 91
242 176 93
241 177 94
240 177 91
241 174 89
239 171 86
235 170 84
238 184 99
250 226 135
252 231 140
251 230 139
251 230 139
251 230 139
251 230 139
251 231 141
250 231 138
239 209 128
228 199 175
237 224 210
240 222 214
239 222 212
239 222 212
239 222 212
239 222 212
239 222 213
239 222 212
239 222 211
239 223 211
239 222 212
239 222 213
239 222 213
238 221 211
239 222 212
239 222 212
239 222 212
239 222 212
239 222 212
239 222 212
239 223 212
240 223 212
239 223 212
239 223 210
238 222 210
221 165 126
239 160 81
241 164 82
241 164 83
242 165 82
242 165 82
241 164 82
235 157 81
240 202 121
252 230 140
252 230 140
252 231 140
252 231 140
252 231 140
252 231 140
252 231 140
252 231 140
252 231 140
250 230 141
241 215 129
251 229 141
250 230 139
248 217 128
245 205 117
243 196 108
243 192 105
244 197 109
244 206 118
247 217 129
251 226 135
250 231 139
252 230 140
252 231 140
251 230 139
251 230 139
251 230 139
251 230 139
252 231 140
251 230 139
250 230 138
228 188 134
239 223 209
239 222 209
239 222 212
239 222 212
239 222 212
239 222 212
238 222 211
239 222 211
239 222 213
239 222 213
240 223 213
239 222 211
239 222 212
239 222 212
239 222 212
239 222 212
239 222 212
240 223 213
239 222 212
239 222 212
238 221 212
239 222 212
239 222 212
238 221 211
239 222 212
239 220 211
226 181 147
229 157 87
242 165 80
240 164 81
229 153 79
230 187 153
225 184 136
251 229 141
253 230 140
251 231 140
252 231 140
252 231 140
251 230 139
251 230 139
252 231 140
252 231 140
252 231 140
251 230 140
249 226 138
229 195 114
249 227 139
250 231 137
252 230 141
251 231 140
251 231 140
251 231 140
251 231 140
252 230 140
252 230 139
251 230 138
250 232 139
252 231 140
252 231 140
252 231 140
252 231 140
252 231 140
252 231 140
252 231 140
251 231 140
225 187 118
241 221 209
237 222 210
239 222 212
239 222 212
237 223 212
237 223 212
238 223 212
239 222 212
239 222 212
239 222 213
239 222 212
239 222 213
239 222 212
239 222 212
240 223 213
240 223 213
239 222 212
239 222 212
239 222 212
239 222 212
239 222 212
239 222 212
238 223 212
238 223 212
238 223 212
239 222 211
239 223 212
234 213 196
226 167 121
236 160 80
241 165 81
225 152 97
229 185 118
251 230 139
251 230 139
251 231 140
252 231 140
252 231 140
252 231 140
252 231 140
252 231 140
252 231 140
252 231 140
251 231 139
251 230 139
250 229 138
227 186 110
250 229 139
252 230 140
252 231 140
252 231 140
252 231 140
252 231 140
251 230 139
233 202 117
246 219 134
251 231 139
251 230 139
252 231 140
252 231 140
252 231 140
252 231 140
252 231 140
251 230 139
251 230 140
230 191 130
239 222 211
239 223 211
238 221 211
239 222 212
237 223 213
237 223 213
238 223 213
239 222 212
239 222 212
239 222 212
238 222 210
239 223 209
238 221 211
239 222 212
239 222 212
239 222 212
239 222 212
240 223 213
239 222 212
239 222 212
239 222 212
239 222 212
238 223 212
237 222 212
238 222 212
240 223 213
238 222 213
228 212 199
210 180 155
224 155 95
239 164 82
229 163 84
250 226 136
249 231 138
224 185 107
250 228 142
251 231 139
251 230 140
252 231 140
251 230 139
251 230 139
252 231 140
252 231 140
252 231 140
252 231 140
252 230 139
244 219 135
229 186 110
250 231 138
252 231 140
252 231 140
252 230 140
251 231 140
251 227 139
232 198 116
251 230 139
253 230 140
252 231 140
251 230 139
251 230 139
252 231 140
252 230 140
252 230 140
251 230 139
247 219 135
227 194 167
238 223 209
240 221 212
239 222 212
239 222 212
237 223 211
237 223 211
238 223 212
239 222 212
239 222 212
238 222 212
239 222 213
239 222 211
239 222 212
239 222 212
239 222 212
239 222 212
239 222 212
239 222 212
239 222 212
239 222 212
239 222 212
240 223 213
239 222 212
239 222 212
240 222 212
239 223 212
182 153 140
119 74 61
134 85 64
177 120 68
225 151 83
239 204 124
250 231 140
252 230 137
249 225 137
226 189 112
246 220 132
252 230 140
251 230 139
251 230 139
252 231 140
251 230 139
251 230 139
251 230 139
251 230 139
251 230 139
251 231 141
232 198 118
242 214 129
251 230 139
252 231 140
252 230 139
250 230 140
236 206 123
244 219 134
252 230 140
251 231 140
252 231 140
252 231 140
252 231 140
252 231 140
251 231 140
250 230 139
246 220 134
224 185 116
235 207 176
239 222 213
239 223 211
239 222 212
239 222 212
237 223 212
237 223 212
238 223 212
239 222 212
238 221 211
239 222 210
239 222 213
240 223 211
239 222 212
239 222 212
239 222 212
239 222 212
239 222 212
239 222 212
239 222 212
239 222 212
240 223 213
239 222 212
240 223 213
239 222 212
240 223 213
236 223 213
230 215 201
159 127 111
118 73 60
132 91 74
215 177 130
251 229 138
252 230 139
251 231 139
252 230 140
250 231 138
234 203 123
236 208 125
244 223 135
251 230 139
250 231 139
252 231 140
252 231 140
252 231 140
252 231 140
252 230 140
250 230 140
234 199 120
239 207 124
251 230 139
251 230 139
251 231 141
250 230 140
227 187 112
250 229 139
250 231 140
251 231 139
252 231 140
252 231 140
251 231 139
251 230 140
249 225 138
233 204 122
239 210 126
249 231 141
244 217 135
228 199 165
239 222 213
239 222 213
238 222 209
240 223 213
239 222 212
239 222 212
239 222 212
240 223 213
237 222 212
238 222 212
240 222 212
239 222 212
239 222 212
239 222 212
240 223 213
239 222 212
239 222 212
239 222 212
239 222 212
238 221 211
239 222 211
239 223 210
240 223 212
239 223 213
239 223 211
238 221 210
238 223 213
216 190 176
145 107 87
227 202 126
251 231 138
252 230 141
252 231 140
252 231 140
252 230 140
250 231 139
251 230 140
246 219 131
238 208 124
240 211 128
240 211 127
241 214 129
246 219 133
241 216 129
241 212 126
222 184 106
238 209 127
251 230 139
251 230 139
251 230 139
252 231 139
251 231 139
247 222 134
241 208 128
230 192 114
235 203 122
237 208 125
243 215 131
236 209 125
242 214 130
241 212 127
251 229 139
251 231 139
252 230 141
250 231 140
245 219 137
233 201 170
237 222 213
238 223 212
239 221 212
239 222 212
239 223 212
238 223 212
237 222 212
239 223 212
239 223 213
239 222 212
239 222 212
239 222 212
239 222 212
239 222 212
239 222 212
239 222 212
238 221 211
239 222 212
239 222 212
239 222 212
239 222 210
239 223 211
239 222 212
239 222 213
240 223 212
239 223 211
236 223 213
224 190 150
251 229 140
251 230 139
251 230 139
251 230 139
252 231 140
252 231 140
252 231 140
252 231 140
251 231 140
251 231 140
251 231 140
252 230 141
251 228 139
243 217 130
248 224 136
247 222 134
250 231 139
252 230 139
252 230 140
252 231 140
252 231 140
252 231 140
252 231 140
251 231 140
251 231 140
251 231 140
251 230 139
250 228 138
250 228 138
251 230 140
251 230 140
251 231 138
252 231 140
252 231 140
251 231 139
251 231 140
251 230 139
233 199 126
237 209 193
239 223 212
239 222 211
240 223 213
238 222 212
238 223 212
237 222 212
239 222 212
240 223 213
239 222 212
239 222 213
239 222 211
239 222 212
239 222 212
239 222 212
239 222 212
239 222 212
239 222 212
239 222 212
239 222 212
239 222 212
239 222 211
239 222 211
239 223 212
239 222 212
240 221 212
237 223 210
226 179 133
248 220 131
250 231 139
252 230 139
252 231 140
252 230 140
252 230 140
252 231 140
252 231 140
252 231 140
252 231 140
251 231 140
252 231 140
252 231 140
252 231 140
252 231 140
252 231 140
251 230 139
252 231 140
252 231 140
251 231 140
251 230 139
252 231 140
252 230 139
252 231 140
251 230 139
251 230 139
252 230 140
252 231 140
252 231 140
252 231 140
252 231 140
252 231 140
251 230 139
252 231 140
251 231 140
251 231 140
251 230 139
240 208 125
228 194 171
238 223 211
239 223 210
239 222 213
239 222 214
239 222 212
239 222 212
240 223 213
240 223 213
239 222 212
239 222 214
239 223 209
239 222 212
239 222 213
239 223 212
240 223 213
239 222 212
239 222 212
240 223 213
238 221 211
239 222 213
240 223 212
239 222 213
239 222 212
239 222 212
237 223 213
240 222 212
224 175 136
240 165 83
242 178 94
246 194 107
245 208 120
246 218 131
250 226 137
252 229 139
252 230 139
251 230 141
251 230 141
251 230 140
251 230 140
251 230 140
251 231 140
251 230 140
251 230 140
251 230 139
252 230 139
252 229 139
251 228 136
249 225 134
248 222 132
248 218 130
249 216 129
246 216 128
246 216 128
247 216 128
248 217 129
247 220 131
248 223 132
249 223 133
247 221 130
246 214 125
246 207 119
244 198 111
242 186 104
240 172 84
224 153 98
238 218 209
238 223 212
239 223 210
239 223 210
239 222 210
238 221 211
239 222 212
239 222 212
239 222 212
240 223 213
239 222 212
239 222 212
239 222 212
240 223 212
239 222 213
239 223 212
239 222 210
239 223 210
239 223 211
239 222 212
239 223 210
239 223 212
239 223 211
237 222 213
238 223 213
238 221 213
239 223 213
237 212 195
227 157 91
242 165 82
241 165 82
241 164 82
240 165 81
239 166 83
239 168 85
239 171 87
241 173 90
242 174 91
242 174 92
242 175 93
242 176 93
241 176 92
240 176 90
240 175 90
240 173 90
239 171 86
239 168 84
239 166 83
240 165 82
241 165 82
241 165 82
241 165 82
241 165 82
241 164 82
240 164 81
240 164 81
241 165 82
241 165 82
240 165 82
241 165 83
241 165 81
240 164 81
241 165 82
243 164 81
228 155 98
237 208 191
239 223 210
239 223 213
238 222 211
239 223 208
239 222 212
239 223 211
239 222 211
239 222 213
239 222 211
239 223 210
239 222 211
239 222 213
